500
17 1 24
274 1 24
484 1 4
503 1 4
734 1 24
881 1 4
1297 1 4
1690 1 4
1975 1 4
2528 1 24
2882 1 4
3231 1 24
3737 1 4
3941 1 4
3945 1 4
4386 1 24
4578 1 4
4589 1 4
4598 1 4
4858 1 4
4859 1 24
5036 1 24
5086 1 24
5427 1 24
5428 1 24
5457 1 24
5865 1 24
6548 1 4
6737 1 24
6818 1 4
7259 1 24
7487 1 24
8651 1 4
8753 1 4
9009 1 4
9090 1 4
9195 1 24
9296 1 24
9500 1 4
9525 1 24
9821 1 24
9981 1 24
10005 1 24
10130 1 24
10249 1 4
10265 1 24
10393 1 4
10492 1 24
10614 1 24
10627 1 4
10697 1 24
10777 1 4
11294 1 24
11306 1 24
11402 1 4
11403 1 24
11541 1 24
11774 1 4
11871 1 24
12324 1 24
12822 1 24
12839 1 24
13007 1 4
13066 1 24
13121 1 24
13338 1 24
13464 1 24
13639 1 4
13717 1 24
14045 1 24
14408 1 4
14533 1 4
14915 1 4
15313 1 4
15371 1 4
15376 1 4
15481 1 24
15693 1 4
15940 1 24
16094 1 4
16096 1 4
16416 1 24
16740 1 24
16899 1 24
17052 1 4
17380 1 4
17471 1 24
17721 1 24
17743 1 24
18127 1 24
18136 1 24
18287 1 24
18387 1 4
18698 1 24
18755 1 4
18843 1 4
19252 1 4
19433 1 4
19865 1 4
19975 1 24
19991 1 24
20089 1 24
20168 1 24
20686 1 4
20770 1 24
21336 1 24
21845 1 24
21997 1 24
22079 1 4
22120 1 24
22153 1 4
22175 1 4
22271 1 24
22292 1 4
22765 1 24
22842 1 24
23117 1 24
23500 1 4
23760 1 24
24090 1 24
24618 1 4
24858 1 24
25057 1 24
25135 1 24
25502 1 4
25579 1 24
25590 1 24
25865 1 4
26162 1 24
26300 1 4
26998 1 24
27184 1 4
27360 1 24
28283 1 4
28593 1 24
28662 1 24
28764 1 24
29057 1 4
29058 1 4
29066 1 4
29199 1 4
29418 1 4
29515 1 4
29536 1 4
29603 1 4
29892 1 24
30112 1 24
30136 1 24
30460 1 4
30470 1 4
30568 1 24
31266 1 4
31271 1 4
31424 1 24
31634 1 24
31779 1 24
31786 1 4
32094 1 4
32239 1 24
32264 1 4
33057 1 4
33061 1 24
33086 1 4
33172 1 4
33189 1 4
33784 1 24
33831 1 24
34136 1 24
34274 1 4
34386 1 24
34530 1 24
34575 1 4
35224 1 4
35753 1 24
35809 1 4
35860 1 24
35926 1 4
36080 1 4
36335 1 4
36450 1 4
36660 1 24
37314 1 24
37496 1 24
37720 1 4
37976 1 4
38026 1 4
38467 1 4
38488 1 24
38572 1 24
38588 1 4
38741 1 4
38756 1 4
38804 1 4
39100 1 24
39290 1 24
39512 1 4
40078 1 4
40328 1 4
40340 1 4
41129 1 4
41234 1 24
41266 1 4
41275 1 4
41448 1 4
41594 1 24
41603 1 4
41678 1 24
41748 1 4
42421 1 24
42831 1 4
42851 1 4
43303 1 4
43768 1 4
43772 1 4
44556 1 4
44567 1 4
44707 1 24
44810 1 24
45051 1 4
45065 1 4
45285 1 24
45446 1 24
45705 1 24
45910 1 24
45923 1 24
46127 1 24
46428 1 4
47314 1 24
47399 1 24
47440 1 4
48037 1 24
48294 1 4
48720 1 4
49056 1 24
49165 1 24
49636 1 24
49738 1 24
49883 1 24
50390 1 24
50412 1 24
50515 1 4
50834 1 24
51171 1 4
51256 1 24
51385 1 24
51390 1 24
52199 1 4
52273 1 4
52311 1 24
52315 1 4
53037 1 24
53050 1 24
53347 1 24
53474 1 4
53484 1 24
53704 1 24
53716 1 4
53776 1 4
53798 1 4
54024 1 4
54573 1 4
54662 1 4
54729 1 24
54967 1 24
55213 1 24
55353 1 24
55507 1 4
55660 1 4
55714 1 4
55809 1 24
55835 1 24
56016 1 24
56128 1 24
56502 1 24
56556 1 4
57064 1 4
57268 1 24
57497 1 4
57665 1 4
57856 1 4
58399 1 4
58417 1 24
58561 1 4
58882 1 4
58970 1 4
59076 1 24
59666 1 24
60055 1 4
60339 1 24
60421 1 4
60564 1 4
61086 1 24
61371 1 24
61561 1 24
61635 1 4
61835 1 24
61907 1 4
61952 1 4
61976 1 4
62057 1 24
62114 1 4
62181 1 24
62417 1 4
63022 1 24
63032 1 4
63259 1 24
64143 1 4
64332 1 4
64340 1 24
64594 1 4
64657 1 4
64764 1 24
64885 1 24
65009 1 24
65055 1 24
65338 1 24
65357 1 24
65548 1 4
65717 1 4
65846 1 24
66073 1 4
66167 1 24
66172 1 24
66190 1 4
66197 1 4
66249 1 24
66336 1 24
66450 1 4
66716 1 4
66894 1 24
66903 1 24
66985 1 4
67026 1 24
67034 1 24
67148 1 24
67164 1 4
67238 1 4
67330 1 4
67630 1 24
67729 1 4
67793 1 24
67840 1 24
68256 1 4
68266 1 4
68447 1 24
68975 1 24
69060 1 24
69432 1 4
69520 1 4
69617 1 4
70002 1 24
70059 1 24
70089 1 24
70150 1 24
70210 1 24
70275 1 4
70344 1 4
70457 1 4
70463 1 24
70969 1 24
71188 1 4
71592 1 24
71679 1 24
71686 1 24
71877 1 4
72156 1 4
72357 1 24
72559 1 4
72717 1 24
72933 1 24
73050 1 4
73408 1 4
73855 1 4
73950 1 4
73982 1 4
74242 1 24
74690 1 24
74787 1 4
74830 1 4
74843 1 24
75019 1 24
75266 1 24
75360 1 4
75511 1 24
75597 1 24
75821 1 4
75932 1 4
76238 1 4
76528 1 24
76753 1 24
77215 1 24
77359 1 4
77521 1 24
77615 1 24
78093 1 4
78143 1 4
78404 1 24
78431 1 24
78690 1 24
79422 1 24
79502 1 24
79691 1 24
79749 1 24
79883 1 24
79967 1 24
79990 1 24
80127 1 4
80160 1 4
80227 1 4
80282 1 4
80831 1 24
81403 1 24
81497 1 4
82211 1 24
82369 1 4
82989 1 24
82999 1 24
83066 1 24
83475 1 24
83524 1 24
83747 1 24
83854 1 24
83882 1 24
83904 1 4
83939 1 4
84139 1 4
84731 1 4
84885 1 24
85068 1 24
85139 1 4
85188 1 24
85200 1 4
85226 1 4
85659 1 4
86071 1 24
86485 1 4
86496 1 24
86804 1 4
86942 1 4
87012 1 4
87655 1 24
87848 1 4
88270 1 24
88798 1 24
89829 1 24
90012 1 4
90139 1 24
90355 1 24
90450 1 24
90689 1 4
91134 1 4
91149 1 4
91417 1 24
91592 1 4
91594 1 4
91821 1 4
92040 1 24
92117 1 24
92649 1 4
92663 1 4
92805 1 24
93022 1 24
93237 1 4
93239 1 24
93313 1 4
93531 1 24
93552 1 4
93976 1 4
94247 1 24
94499 1 4
94698 1 24
94809 1 4
94822 1 24
94947 1 4
95036 1 24
95620 1 24
95628 1 4
95671 1 24
95833 1 4
95890 1 4
96014 1 4
96231 1 4
96360 1 4
96429 1 4
96444 1 24
97015 1 4
97050 1 24
97345 1 24
97583 1 4
97623 1 24
97790 1 4
97951 1 4
98114 1 4
98134 1 24
98780 1 4
98867 1 24
99432 1 4
99469 1 4
99548 1 24
99664 1 24
