500
370 0 1
467 0 1
605 0 1
745 0 1
809 0 1
854 0 1
969 0 1
1074 0 1
1807 0 1
2100 0 1
2150 0 1
2324 0 1
2370 0 1
2969 0 1
3002 0 1
3206 0 1
3445 0 1
3661 0 1
3791 0 1
3829 0 1
4220 0 1
4391 0 1
4620 0 1
5242 0 1
5326 0 1
5732 0 1
5746 0 1
5993 0 1
6050 0 1
6398 0 1
6488 0 1
6538 0 1
6602 0 1
6734 0 1
6755 0 1
6824 0 1
6877 0 1
6950 0 1
6998 0 1
6999 0 1
7135 0 1
7320 0 1
7374 0 1
7654 0 1
7759 0 1
8141 0 1
8242 0 1
8403 0 1
9139 0 1
9176 0 1
9325 0 1
9841 0 1
10052 0 1
10182 0 1
10432 0 1
10523 0 1
10769 0 1
10864 0 1
11075 0 1
11097 0 1
11469 0 1
11519 0 1
12081 0 1
12835 0 1
12994 0 1
13434 0 1
14026 0 1
14154 0 1
14270 0 1
14444 0 1
14741 0 1
14929 0 1
15168 0 1
15350 0 1
15370 0 1
15704 0 1
16228 0 1
16705 0 1
16789 0 1
17059 0 1
17146 0 1
17183 0 1
17363 0 1
17415 0 1
17513 0 1
17855 0 1
17957 0 1
18345 0 1
18425 0 1
18670 0 1
18785 0 1
18834 0 1
18911 0 1
18955 0 1
19169 0 1
19216 0 1
19247 0 1
19362 0 1
19441 0 1
19541 0 1
19665 0 1
19783 0 1
20031 0 1
20038 0 1
20301 0 1
20421 0 1
20423 0 1
20439 0 1
20532 0 1
20568 0 1
20712 0 1
20924 0 1
20959 0 1
21378 0 1
21617 0 1
21668 0 1
21726 0 1
21857 0 1
21941 0 1
21953 0 1
22057 0 1
22303 0 1
22693 0 1
23028 0 1
23243 0 1
23261 0 1
23304 0 1
23380 0 1
23632 0 1
23855 0 1
23902 0 1
23970 0 1
24015 0 1
24225 0 1
24230 0 1
24316 0 1
24455 0 1
24834 0 1
24914 0 1
25277 0 1
25629 0 1
26834 0 1
27378 0 1
27447 0 1
27545 0 1
27813 0 1
28382 0 1
28792 0 1
28846 0 1
29058 0 1
29189 0 1
29415 0 1
29662 0 1
29745 0 1
29948 0 1
30154 0 1
30272 0 1
30508 0 1
30600 0 1
30833 0 1
30868 0 1
30885 0 1
31119 0 1
31167 0 1
31308 0 1
31625 0 1
31703 0 1
31797 0 1
32164 0 1
32183 0 1
32602 0 1
32608 0 1
32712 0 1
32715 0 1
32769 0 1
32869 0 1
32925 0 1
33026 0 1
33115 0 1
33128 0 1
33152 0 1
33205 0 1
33511 0 1
33712 0 1
33982 0 1
33983 0 1
34156 0 1
34291 0 1
35158 0 1
35658 0 1
35809 0 1
35910 0 1
36282 0 1
36883 0 1
36898 0 1
37388 0 1
37411 0 1
37426 0 1
37453 0 1
37465 0 1
37471 0 1
37820 0 1
37893 0 1
38116 0 1
38149 0 1
38238 0 1
38919 0 1
39062 0 1
39064 0 1
39085 0 1
39356 0 1
39590 0 1
39668 0 1
39751 0 1
39924 0 1
40095 0 1
40214 0 1
40337 0 1
40382 0 1
40576 0 1
40896 0 1
41087 0 1
41569 0 1
41870 0 1
41915 0 1
42101 0 1
42169 0 1
42207 0 1
42611 0 1
43221 0 1
43585 0 1
44237 0 1
44451 0 1
44463 0 1
44998 0 1
45094 0 1
45154 0 1
45431 0 1
45631 0 1
45783 0 1
45878 0 1
46021 0 1
46141 0 1
46217 0 1
46427 0 1
46526 0 1
46756 0 1
47067 0 1
47201 0 1
47444 0 1
47479 0 1
47826 0 1
48214 0 1
48476 0 1
48862 0 1
49349 0 1
49480 0 1
49859 0 1
50248 0 1
50607 0 1
50711 0 1
50862 0 1
50916 0 1
51265 0 1
51280 0 1
51583 0 1
51854 0 1
52088 0 1
52586 0 1
53450 0 1
53466 0 1
53547 0 1
53619 0 1
53646 0 1
53761 0 1
53932 0 1
54171 0 1
54843 0 1
55056 0 1
55283 0 1
55291 0 1
55451 0 1
55845 0 1
56206 0 1
56862 0 1
56952 0 1
57138 0 1
57322 0 1
57614 0 1
57751 0 1
57842 0 1
57996 0 1
58397 0 1
58399 0 1
58504 0 1
58569 0 1
58644 0 1
58747 0 1
58750 0 1
59264 0 1
59808 0 1
59887 0 1
59955 0 1
59977 0 1
59987 0 1
60301 0 1
60371 0 1
60784 0 1
60807 0 1
60854 0 1
61303 0 1
61603 0 1
61611 0 1
61635 0 1
61977 0 1
62113 0 1
62393 0 1
62809 0 1
62984 0 1
63437 0 1
63536 0 1
63737 0 1
64060 0 1
64102 0 1
64361 0 1
64366 0 1
64508 0 1
64536 0 1
64805 0 1
64995 0 1
65531 0 1
65957 0 1
66091 0 1
66351 0 1
66501 0 1
66787 0 1
66895 0 1
67505 0 1
67739 0 1
67746 0 1
67791 0 1
67831 0 1
68354 0 1
68484 0 1
68577 0 1
68735 0 1
68903 0 1
69373 0 1
69449 0 1
69451 0 1
69479 0 1
69632 0 1
69675 0 1
69795 0 1
69805 0 1
70032 0 1
70565 0 1
70968 0 1
71165 0 1
71565 0 1
71642 0 1
71884 0 1
71951 0 1
72241 0 1
72252 0 1
72463 0 1
73325 0 1
73459 0 1
73730 0 1
73792 0 1
73926 0 1
73983 0 1
74009 0 1
74596 0 1
74868 0 1
74914 0 1
74974 0 1
75131 0 1
75239 0 1
75438 0 1
75725 0 1
75763 0 1
76050 0 1
76117 0 1
76359 0 1
76554 0 1
76654 0 1
76712 0 1
77014 0 1
77241 0 1
77550 0 1
77865 0 1
78313 0 1
78527 0 1
78536 0 1
78588 0 1
78598 0 1
78742 0 1
78920 0 1
78942 0 1
78959 0 1
79192 0 1
79490 0 1
79562 0 1
79693 0 1
79703 0 1
80451 0 1
80757 0 1
80949 0 1
80999 0 1
81041 0 1
81152 0 1
81509 0 1
81557 0 1
82043 0 1
82231 0 1
83046 0 1
83123 0 1
83430 0 1
83518 0 1
83651 0 1
84157 0 1
84261 0 1
84289 0 1
84694 0 1
85047 0 1
85151 0 1
85156 0 1
85578 0 1
85871 0 1
85971 0 1
86317 0 1
86570 0 1
86695 0 1
86987 0 1
87054 0 1
87286 0 1
87839 0 1
87924 0 1
88100 0 1
88167 0 1
88229 0 1
88397 0 1
88523 0 1
88539 0 1
88584 0 1
88871 0 1
89475 0 1
89678 0 1
89701 0 1
89997 0 1
90664 0 1
90851 0 1
91031 0 1
91065 0 1
91084 0 1
91239 0 1
91630 0 1
91714 0 1
92119 0 1
92215 0 1
92341 0 1
92416 0 1
92661 0 1
92883 0 1
93182 0 1
93550 0 1
93612 0 1
93893 0 1
93916 0 1
94117 0 1
94336 0 1
94569 0 1
94588 0 1
95002 0 1
95259 0 1
95264 0 1
95510 0 1
95904 0 1
95975 0 1
96300 0 1
96307 0 1
96839 0 1
97237 0 1
97699 0 1
97711 0 1
97757 0 1
98018 0 1
98142 0 1
98193 0 1
98311 0 1
98839 0 1
98930 0 1
98988 0 1
99054 0 1
99239 0 1
99532 0 1
99770 0 1
99800 0 1
99841 0 1
