0.011627906977
0.011904761905
0.011487850954
0.010278603485
0.010278603485
0.010268370027
0.010869746925
0.010373979284
0.009217004685
0.009217004685
0.009618115074
0.009618115074
0.009525658730
0.010201533797
0.010520709190
0.009017750735
0.008796603015
0.009424931802
0.010383654898
0.009396723536
0.009310130466
0.009169269860
0.010865538955
0.008354100011
0.007837869407
0.008119745319
0.009014849896
0.007935282595
0.010147471091
0.008581420351
0.007687320089
0.007262458479
0.008084299372
0.009486346215
0.007498785122
0.007597925960
0.008575079088
0.007163163174
0.005990023958
0.008585452709
0.007598865538
0.006082519091
0.008482013520
0.005461103761
0.007546423136
0.008431895660
0.007203006936
0.006704850203
0.006123389947
0.006518066343
0.006505431526
0.006576765965
0.005924588074
0.006957679584
0.006519380980
0.005995076927
0.006642954091
0.006363355905
0.005763482013
0.006754301734
0.005773845217
0.004902567020
0.000000000000
0.005061190380
0.005361686620
0.005004751573
0.005039117265
0.005817594133
0.004613446010
0.005441451953
0.005288647512
0.003058058282
0.004795870713
0.006118510052
0.005122308952
0.005381666367
0.005656816859
0.004931763553
0.004321144028
0.004836329885
0.004255573642
0.005933420138
0.004746655704
0.003940972404
0.004034457719
0.005231052861
0.003761269845
0.004896993979
0.004376187061
0.003954785082
0.004003529157
0.004279134448
0.004443716542
0.004693369405
0.003901922007
0.004571188958
0.003188750023
0.004324234792
0.003062637728
0.002728264671
0.004099945534
0.003183744809
0.003867610325
0.004046209190
0.003926579176
0.003307777158
0.005073608292
0.003307777158
0.003979675563
0.004045838508
0.003267486985
0.003599862545
0.003599862545
0.002867755701
0.003487148559
0.002796074453
0.002563955039
0.000000000000
0.002549264037
0.003060737568
0.002692295414
0.002719096538
0.002806924821
0.002678252945
0.002710011391
0.002906892739
0.000000000000
0.003309643500
0.002723034806
0.002583391996
0.002714613033
0.002153017133
0.002434446986
0.002556638414
0.002622452496
0.002870827099
0.000000000000
0.002114601139
0.002613109769
0.000000000000
0.002191463677
0.001607764688
0.002795618627
0.003136114223
0.002342570286
0.002303749199
0.001857275658
0.002369322935
0.002414300890
0.002764431779
0.000000000000
0.002764431779
0.002144136139
0.002367087337
0.000000000000
0.001882360123
0.001857771907
0.001980657697
0.002538802025
0.001876412555
0.002033267141
0.001594405203
0.000000000000
0.002230419923
0.001709579061
0.001618758432
0.001618758432
0.002186616997
0.001894551469
0.001935992837
0.001362194316
0.001704917890
0.000000000000
0.001465681835
0.001876452955
0.000000000000
0.001366227907
0.001542680993
0.000000000000
0.001794065894
0.002242582368
0.001815785020
0.000000000000
0.001789978529
0.001789978529
0.001579794881
0.001767727896
0.001419949634
0.001256225293
0.001568857041
0.001584544403
0.001501191259
0.001133708674
0.001413982900
0.001080169433
0.001542286731
0.001867805293
0.000000000000
0.001486043343
0.000000000000
0.001185562514
0.000977358170
0.001015250577
0.001163422417
0.000000000000
0.001327494809
0.001327494809
0.001780261143
0.001133744627
0.001358716693
0.001240849183
0.001341395273
0.000782322087
0.001374112231
0.000724717208
0.001080766995
0.001185167369
0.000893254993
0.001345799637
0.000868514294
0.000388644989
0.000984312283
0.001424583787
0.001222254524
0.001575006162
0.001175235635
0.001175235635
0.001037796143
0.000822404433
0.000758670064
0.001124487821
0.000000000000
0.000941999250
0.001103971862
0.000485805254
0.000621741098
0.001255509263
0.001267588931
0.000338645785
0.001176223444
0.000777938382
0.001081824246
0.000743969842
0.001120857416
0.000658016780
0.000844827847
0.000692948684
0.000573368592
0.000803472351
0.000976827601
0.000999115027
0.000000000000
0.000913685196
0.000646671517
0.000600900925
0.000361747297
0.000611701644
0.000730983091
0.000320482638
0.000780879636
0.000931794069
0.000607457101
0.000719662487
0.000808841570
0.000000000000
0.000571333763
0.000480077370
0.000664938114
0.000638908758
0.000801392764
0.000611260483
0.000596999534
0.000513942985
0.000513942985
0.000631415667
0.000504064571
0.000000000000
0.000624110383
0.000901841513
0.000594498069
0.000408426733
0.000363342355
0.000359321014
0.000000000000
0.000753486874
0.000753486874
0.000576255151
0.000390218608
0.000383425112
0.000000000000
0.000571859184
0.000000000000
0.000311420653
0.000476224112
0.000000000000
0.000413903486
0.000556612448
0.000339965817
0.000414304767
0.000000000000
0.000530137000
0.000295982836
0.000429186532
0.000530345690
0.000398982148
0.000558838634
0.000000000000
0.000388348678
0.000339446678
0.000447053604
0.000328284451
0.000261446477
0.000479161199
0.000267016003
0.000473844484
0.000390872762
0.000261947556
0.000000000000
0.000554875182
0.000000000000
0.000169846225
0.000433488162
0.000314631963
0.000268596235
0.000264042709
0.000358937156
0.000556989292
0.000397256177
0.000348959256
0.000000000000
0.000302264574
0.000194822945
0.000242050152
0.000395693383
0.000000000000
0.000475806890
0.000000000000
0.000389177091
0.000462892395
0.000279472276
0.000301145950
0.000227064389
0.000345807739
0.000439601275
0.000211319918
0.000325536842
0.000000000000
0.000000000000
0.000325536842
0.000282152291
0.000198593964
0.000371586173
0.000249584267
0.000217543528
0.000206879333
0.000270973530
0.000270973530
0.000223326818
0.000251705910
0.000251705910
0.000234111224
0.000000000000
0.000244872634
0.000162561898
0.000241681758
0.000181261319
0.000253632838
0.000234778676
0.000210960550
0.000286987667
0.000159879618
0.000133657213
0.000240299297
0.000157789939
0.000215731868
0.000276991910
0.000155108191
0.000123646407
0.000153600308
0.000118018376
0.000290926067
0.000140636373
0.000150646630
0.000308905336
0.000184395035
0.000107384801
0.000137539658
0.000118935637
0.000147214550
0.000183677168
0.000155196255
0.000097090301
0.000128763235
0.000132367020
0.000122607400
0.000000000000
0.000195909353
0.000122607400
0.000143265737
0.000136616403
0.000117117516
0.000091081484
0.000130651460
0.000098115313
0.000091169421
0.000133193743
0.000134503763
0.000107887209
0.000137954136
0.000105367094
0.000000000000
0.000000000000
0.000087651373
0.000114289137
0.000092064381
0.000135381810
0.000099262748
0.000134238781
0.000000000000
0.000125149881
0.000116605836
0.000000000000
0.000084451590
0.000113357698
0.000037403620
0.000083645080
0.000090238690
0.000144756986
0.000000000000
0.000059708474
0.000106176462
0.000087608023
0.000070570185
0.000000000000
0.000058885336
0.000000000000
0.000141530108
0.000000000000
0.000104896693
0.000076304314
0.000118427231
0.000000000000
0.000101539252
0.000123681679
0.000069498336
0.000086070113
0.000070502645
0.000074007429
0.000000000000
0.000074100152
0.000000000000
0.000127721719
0.000000000000
0.000000000000
0.000069502277
0.000083099639
0.000068434997
0.000072248072
0.000108394195
0.000062637844
0.000087851247
0.000027163550
0.000071606617
0.000000000000
0.000057749122
0.000057749122
0.000099651015
0.000057224905
0.000000000000
0.000063588900
0.000057476574
0.000045107990
0.000000000000
0.000036509286
0.000064066031
0.000068646525
0.000000000000
0.000046011188
0.000000000000
0.000086501267
0.000000000000
0.000000000000
0.000000000000
0.000000000000
0.000046088448
0.000051789375
0.000063111468
0.000049798856
0.000000000000
0.000046500184
0.000063705565
0.000038303256
0.000000000000
0.000049228711
0.000064486881
0.000057858284
0.000043200852
0.000000000000
0.000024496789
0.000045279361
0.003127086921
