500
96 1 14
151 1 15
214 1 14
385 1 13
539 1 48
798 1 48
844 1 48
1071 1 48
1639 1 14
1853 1 17
1872 1 11
2081 1 19
2094 1 14
2147 1 14
2905 1 14
3267 1 26
4045 1 26
4197 1 14
4275 1 11
4292 1 34
4336 1 34
4667 1 19
4715 1 17
4775 1 17
5000 1 24
5005 1 17
5606 1 19
5667 1 26
5702 1 48
5845 1 20
5849 1 14
6397 1 15
6409 1 17
6442 1 20
6773 1 34
7134 1 26
7394 1 14
7511 1 26
7631 1 34
8371 1 20
8372 1 48
8465 1 15
8596 1 14
8968 1 17
9005 1 19
9437 1 34
9654 1 17
9710 1 48
10160 1 20
10203 1 19
10362 1 48
10588 1 11
10697 1 14
10940 1 15
10974 1 11
11090 1 15
11277 1 17
11299 1 19
11480 1 34
11515 1 20
11876 1 48
12567 1 48
12909 1 48
12931 1 15
13000 1 11
13348 1 15
13357 1 26
13383 1 20
13445 1 15
13574 1 48
13630 1 20
13637 1 17
14144 1 34
14200 1 13
14484 1 34
14611 1 14
14839 1 17
14966 1 48
15091 1 13
15164 1 17
15300 1 24
15362 1 48
15409 1 14
15417 1 17
15556 1 48
15704 1 15
15758 1 48
16002 1 48
16089 1 24
16305 1 20
16337 1 14
16341 1 34
16622 1 48
16810 1 26
17063 1 15
17305 1 15
17551 1 15
17615 1 24
17767 1 11
17947 1 20
18030 1 14
18118 1 26
18179 1 14
18303 1 48
18312 1 24
18357 1 11
18499 1 19
18631 1 24
18947 1 13
19032 1 48
19272 1 34
19340 1 48
19491 1 13
19551 1 13
19898 1 17
20477 1 20
20921 1 13
21553 1 48
21837 1 15
21946 1 13
22283 1 15
22642 1 48
22839 1 15
22973 1 34
23084 1 17
23200 1 34
23318 1 26
23378 1 14
24246 1 34
24444 1 24
24918 1 24
24978 1 11
25182 1 19
25364 1 24
25473 1 13
25895 1 24
25921 1 26
25938 1 11
26046 1 19
26068 1 26
26110 1 34
26350 1 34
26380 1 14
26961 1 17
27086 1 17
27097 1 20
27262 1 17
27579 1 15
27769 1 14
27800 1 19
27814 1 13
28034 1 48
28058 1 24
28175 1 11
28177 1 26
28433 1 24
28584 1 26
29268 1 26
29443 1 48
29608 1 11
29620 1 48
29663 1 17
29796 1 24
29835 1 24
30210 1 11
30439 1 11
30560 1 13
30564 1 34
30931 1 13
31519 1 13
31654 1 15
31775 1 15
32112 1 24
32664 1 48
32672 1 13
32683 1 11
32726 1 15
32819 1 48
33060 1 24
33523 1 13
33948 1 48
34929 1 26
34937 1 19
35253 1 20
35496 1 11
35578 1 48
35870 1 34
35977 1 14
36050 1 14
37020 1 20
37055 1 15
37099 1 13
37212 1 26
37699 1 13
37753 1 24
38251 1 20
38528 1 14
38789 1 24
39085 1 34
39603 1 26
39625 1 15
39727 1 24
40128 1 48
40223 1 15
40626 1 34
40658 1 24
40861 1 14
41837 1 14
42013 1 13
42225 1 24
42778 1 26
43025 1 17
43284 1 24
43535 1 14
43590 1 19
43612 1 20
44282 1 11
44652 1 15
45077 1 19
45090 1 24
45137 1 34
45422 1 34
45630 1 26
45752 1 14
45846 1 14
46148 1 17
46257 1 19
46328 1 48
46845 1 19
47262 1 13
47417 1 11
47703 1 48
47839 1 11
47874 1 14
48045 1 20
48474 1 26
48547 1 13
48730 1 19
49684 1 13
49783 1 34
50221 1 17
50444 1 13
50714 1 19
50749 1 13
50858 1 13
51438 1 24
51857 1 48
51858 1 48
52079 1 14
52239 1 48
52583 1 24
52877 1 20
53092 1 14
53190 1 11
53318 1 34
53444 1 24
53579 1 34
53683 1 17
53833 1 24
53925 1 14
53958 1 34
54019 1 26
54163 1 19
54204 1 15
54344 1 26
54956 1 13
55123 1 14
55280 1 48
55538 1 14
55628 1 24
55756 1 13
56136 1 48
56658 1 48
56836 1 19
56909 1 20
57101 1 26
57271 1 15
57945 1 48
58012 1 15
58173 1 48
58236 1 34
58494 1 20
58561 1 24
58776 1 24
58909 1 24
59491 1 34
59774 1 13
59818 1 48
59827 1 17
59880 1 17
60073 1 34
60544 1 20
60942 1 48
60949 1 14
60951 1 24
60997 1 34
61052 1 14
61094 1 34
61174 1 26
61208 1 19
61385 1 26
61943 1 11
62361 1 24
62392 1 19
62721 1 14
62801 1 24
62893 1 19
63030 1 13
63181 1 14
63467 1 19
63781 1 15
63829 1 34
64220 1 48
64631 1 26
65113 1 24
65412 1 15
65471 1 11
65603 1 24
65739 1 14
66267 1 17
66275 1 17
66409 1 11
66901 1 26
67033 1 24
67075 1 14
67603 1 34
67764 1 19
67913 1 17
68188 1 11
68510 1 26
68810 1 26
68819 1 11
69066 1 15
69099 1 20
69128 1 26
69226 1 48
69315 1 24
69359 1 17
69689 1 17
69831 1 24
70114 1 11
70438 1 20
70569 1 48
71076 1 15
71123 1 17
71486 1 11
72021 1 48
72222 1 13
72272 1 24
72984 1 20
73274 1 14
73384 1 15
73522 1 20
73730 1 15
73950 1 14
74004 1 19
74275 1 11
74800 1 13
74844 1 14
74894 1 17
75091 1 13
75161 1 11
75299 1 20
75327 1 24
75390 1 13
75746 1 26
75825 1 11
75878 1 15
76029 1 48
76358 1 20
76861 1 26
76943 1 17
76959 1 48
77054 1 17
77508 1 19
77594 1 24
77619 1 17
78212 1 20
78437 1 19
78666 1 14
79147 1 13
79241 1 19
79394 1 19
79462 1 11
79480 1 20
79584 1 26
79707 1 13
79717 1 24
79794 1 24
79956 1 11
80100 1 48
80267 1 24
80472 1 48
80617 1 19
80735 1 19
80950 1 19
80953 1 15
81433 1 34
81507 1 48
81607 1 48
81893 1 24
82156 1 34
82297 1 24
82539 1 15
82667 1 13
82882 1 13
82884 1 26
83120 1 15
83191 1 14
83472 1 48
83683 1 24
83959 1 26
84148 1 24
85051 1 13
85100 1 13
85506 1 11
85591 1 13
85716 1 11
85773 1 34
85798 1 26
85814 1 19
85848 1 17
85915 1 48
86019 1 20
86188 1 19
86227 1 48
86271 1 19
86296 1 24
86432 1 11
86585 1 17
86974 1 20
87022 1 17
87221 1 15
87297 1 24
87496 1 17
87519 1 17
87708 1 20
87782 1 20
87908 1 48
88092 1 34
88109 1 11
88310 1 26
88344 1 17
88502 1 15
88583 1 24
88927 1 11
89422 1 34
89719 1 11
89740 1 17
89865 1 15
89924 1 24
90378 1 19
90485 1 11
90532 1 26
90878 1 48
91557 1 20
91630 1 20
91634 1 48
91704 1 17
91728 1 13
91735 1 20
91790 1 24
92050 1 13
92129 1 24
92270 1 14
92407 1 14
92566 1 24
92745 1 20
92801 1 24
92807 1 13
92891 1 15
93254 1 13
93282 1 13
93518 1 17
93625 1 14
93767 1 15
94157 1 48
94439 1 34
94535 1 20
94655 1 48
94716 1 20
94725 1 20
94763 1 20
95396 1 15
95506 1 17
95812 1 48
95927 1 17
95977 1 17
96385 1 15
96602 1 15
97600 1 14
97617 1 34
97677 1 48
98253 1 26
98833 1 15
98858 1 14
99144 1 11
99151 1 34
99355 1 20
99402 1 17
