500
72 1 26
834 1 24
893 1 24
1144 1 26
1374 1 7
1502 1 8
1839 1 63
1872 1 7
1908 1 48
1940 1 26
2149 1 48
2171 1 80
2275 1 63
2421 1 31
2947 1 15
3223 1 63
3352 1 3
3774 1 31
4066 1 3
4119 1 15
4183 1 48
4200 1 31
4219 1 63
4242 1 63
4349 1 3
4488 1 48
4930 1 31
4932 1 80
4964 1 8
5052 1 24
5309 1 24
5454 1 15
5455 1 8
5593 1 7
5604 1 26
5978 1 31
6071 1 26
6614 1 24
6668 1 8
6888 1 31
7039 1 48
7088 1 8
7139 1 31
7165 1 24
7848 1 63
7996 1 63
8255 1 26
8508 1 8
8780 1 7
8948 1 7
8960 1 3
9141 1 26
9191 1 15
9712 1 7
9876 1 31
9961 1 80
10228 1 7
10552 1 15
10678 1 24
11047 1 80
11128 1 63
11238 1 63
11293 1 15
11839 1 7
11965 1 24
12197 1 3
12583 1 3
12978 1 8
13038 1 7
13219 1 26
13474 1 3
13488 1 8
13526 1 3
13752 1 15
13841 1 7
13858 1 48
14135 1 8
14224 1 8
14516 1 3
14582 1 80
14959 1 26
15069 1 15
15171 1 3
15275 1 63
15472 1 48
15503 1 24
15701 1 7
15770 1 24
15818 1 26
16681 1 80
16737 1 24
17032 1 7
17291 1 26
17890 1 15
18040 1 80
18475 1 31
18554 1 63
18594 1 8
18642 1 15
18663 1 31
18779 1 7
18947 1 15
18978 1 24
19220 1 8
19297 1 63
19326 1 7
19610 1 3
19873 1 63
19969 1 26
20208 1 3
20381 1 80
20676 1 8
20874 1 7
20901 1 63
21393 1 7
21779 1 26
22080 1 24
22189 1 24
22209 1 80
22672 1 26
22743 1 8
23092 1 31
23117 1 3
23219 1 8
23268 1 15
23282 1 24
23300 1 80
23621 1 31
23879 1 8
24037 1 80
24625 1 80
24679 1 26
24740 1 3
24877 1 7
24897 1 63
25332 1 15
25409 1 24
25594 1 15
25866 1 24
26335 1 63
26582 1 7
26687 1 80
26920 1 80
26986 1 8
27132 1 7
27214 1 3
27380 1 26
27533 1 26
27596 1 31
27611 1 31
28020 1 7
28402 1 26
28979 1 15
29118 1 24
29472 1 63
29568 1 31
30034 1 15
30040 1 26
30185 1 80
30391 1 63
30456 1 80
30479 1 63
30482 1 31
30900 1 8
31158 1 15
31211 1 31
31290 1 31
31516 1 80
31546 1 80
31750 1 24
31760 1 26
32074 1 80
32261 1 63
32307 1 26
32342 1 7
32452 1 15
32466 1 63
32490 1 31
32929 1 8
33025 1 26
33357 1 80
33752 1 7
34192 1 48
34678 1 3
34767 1 3
34794 1 7
34831 1 48
35192 1 63
35233 1 3
35566 1 15
35797 1 3
35817 1 3
35927 1 31
36636 1 48
36709 1 26
36712 1 8
36907 1 80
37140 1 8
37172 1 48
37383 1 24
37396 1 26
37905 1 63
38038 1 15
38071 1 26
38221 1 24
38249 1 15
38750 1 3
38865 1 8
39289 1 8
39340 1 15
39433 1 7
39562 1 3
39710 1 15
39804 1 3
39920 1 7
39980 1 48
40156 1 80
40487 1 31
41126 1 31
41305 1 8
41405 1 8
41519 1 80
41596 1 3
41653 1 3
42247 1 15
42355 1 24
43059 1 48
43751 1 31
43872 1 48
44222 1 15
44297 1 26
44301 1 7
44302 1 48
44562 1 8
44750 1 15
45007 1 63
45161 1 7
45170 1 3
45755 1 15
45799 1 48
45873 1 24
46084 1 48
46135 1 24
46369 1 24
47015 1 8
47283 1 26
47528 1 48
47661 1 8
48303 1 80
48531 1 80
48538 1 48
48787 1 63
48995 1 63
49141 1 8
49145 1 3
49358 1 7
49755 1 3
50066 1 26
50126 1 48
50183 1 26
50233 1 15
50241 1 31
50473 1 48
51613 1 8
51697 1 3
51761 1 24
51871 1 15
52065 1 3
52093 1 26
52114 1 24
52321 1 3
52327 1 48
52381 1 63
52407 1 31
52524 1 24
52583 1 15
52620 1 48
52942 1 26
53157 1 48
53167 1 63
53498 1 7
53801 1 80
53896 1 24
53993 1 15
54136 1 15
54224 1 15
55147 1 26
55367 1 7
55453 1 7
55494 1 48
55633 1 26
55735 1 26
55771 1 26
55802 1 80
55930 1 8
56315 1 3
56705 1 63
57102 1 26
57145 1 63
57624 1 48
57629 1 24
58216 1 24
58301 1 63
59381 1 48
59388 1 48
59514 1 15
59524 1 15
59577 1 8
59622 1 3
60231 1 80
60472 1 63
60596 1 8
60842 1 8
61151 1 31
61199 1 26
61245 1 7
61304 1 48
61314 1 26
61600 1 63
61623 1 26
61797 1 3
61865 1 15
62276 1 8
62514 1 31
62524 1 26
62533 1 15
62553 1 8
62580 1 15
62917 1 63
63065 1 26
63291 1 31
63803 1 63
63853 1 15
63863 1 80
64091 1 31
64458 1 24
64942 1 15
65225 1 7
65278 1 7
65476 1 8
65694 1 15
65793 1 3
65829 1 15
66011 1 15
66353 1 63
66525 1 31
67175 1 7
68145 1 48
68738 1 7
68815 1 24
68925 1 7
68960 1 63
68972 1 48
69380 1 24
69704 1 8
69876 1 80
70132 1 80
70133 1 31
70514 1 8
70844 1 8
71202 1 31
71520 1 26
72101 1 3
72265 1 24
72359 1 63
72518 1 26
72587 1 63
72632 1 31
72708 1 31
72711 1 8
72993 1 48
73079 1 15
73158 1 3
73241 1 7
73427 1 24
73518 1 48
73534 1 7
73567 1 8
73762 1 26
74237 1 7
74247 1 80
74920 1 31
75670 1 26
75774 1 63
75778 1 80
76245 1 24
76419 1 31
76454 1 15
76544 1 26
76571 1 7
76815 1 7
77091 1 24
77100 1 31
77123 1 26
77383 1 8
77566 1 24
77602 1 3
77678 1 7
77742 1 15
77911 1 31
78348 1 15
78692 1 15
78857 1 26
78915 1 15
78919 1 63
79143 1 24
79147 1 31
79291 1 8
79947 1 48
80011 1 63
80102 1 7
80553 1 3
81108 1 80
81190 1 26
81486 1 48
81715 1 80
81726 1 3
81818 1 7
82014 1 7
82194 1 3
82365 1 24
82571 1 8
82702 1 3
82763 1 31
82826 1 80
82990 1 3
83135 1 15
83520 1 7
83630 1 26
84154 1 24
84355 1 31
85209 1 15
85213 1 15
85277 1 26
85573 1 7
85683 1 24
86259 1 3
86366 1 26
86429 1 24
86678 1 31
86713 1 63
86742 1 48
86784 1 8
86876 1 15
86979 1 63
87350 1 48
87579 1 26
87868 1 7
87964 1 8
88014 1 26
88283 1 26
88752 1 8
88977 1 8
89041 1 26
89414 1 31
89718 1 31
89867 1 8
90766 1 24
90974 1 63
91448 1 31
91712 1 15
91789 1 31
92414 1 3
92593 1 24
92615 1 24
92635 1 31
92673 1 63
92711 1 3
93022 1 48
93085 1 48
93303 1 63
93326 1 3
93377 1 63
93743 1 15
93825 1 15
94461 1 3
94861 1 31
94895 1 63
95165 1 8
96059 1 31
96061 1 7
96166 1 80
97054 1 31
97578 1 31
97662 1 15
97825 1 63
98168 1 15
98212 1 80
98296 1 48
98563 1 24
98766 1 26
98825 1 15
99016 1 80
99147 1 24
99342 1 63
99569 1 24
99584 1 7
99698 1 15
99797 1 26
99844 1 26
