500
68 1 2
109 1 80
147 1 2
248 1 26
638 1 80
797 1 8
848 1 80
929 1 80
959 1 8
1055 1 2
1669 1 80
2457 1 8
2920 1 26
2936 1 80
3087 1 2
3983 1 26
4162 1 26
4404 1 26
4430 1 80
4841 1 80
5362 1 2
5457 1 80
5791 1 2
5936 1 80
5990 1 80
6047 1 8
6257 1 8
6334 1 80
6388 1 80
6612 1 80
6754 1 80
6893 1 2
7083 1 26
7397 1 2
7469 1 80
7484 1 8
7708 1 80
7789 1 26
8243 1 8
8268 1 80
8425 1 80
8476 1 8
8491 1 2
8499 1 2
8622 1 2
8669 1 8
9303 1 8
9310 1 2
9523 1 26
9558 1 80
9958 1 26
10047 1 80
10176 1 2
10242 1 80
10243 1 80
10291 1 80
10395 1 26
10455 1 2
11275 1 26
11322 1 2
11421 1 2
11509 1 8
11607 1 2
11787 1 8
11945 1 2
11992 1 80
12424 1 80
12689 1 8
12694 1 26
13192 1 2
13199 1 26
13218 1 26
13270 1 2
13315 1 2
13352 1 8
13395 1 8
13654 1 26
13713 1 80
13787 1 26
13924 1 8
13984 1 2
14030 1 80
14168 1 8
14286 1 26
15009 1 2
15138 1 2
15542 1 2
15762 1 26
15898 1 26
16014 1 8
16384 1 26
16436 1 8
16438 1 26
16553 1 26
16599 1 2
16697 1 2
16821 1 80
17446 1 80
17935 1 2
18305 1 8
18446 1 26
18576 1 2
18696 1 26
19543 1 2
19733 1 26
20068 1 26
20232 1 26
20272 1 2
20320 1 8
20579 1 26
20662 1 2
20687 1 2
20695 1 26
20764 1 2
21186 1 26
21783 1 80
22620 1 8
22841 1 26
23186 1 8
23300 1 2
23415 1 8
23678 1 80
23695 1 26
23817 1 8
24392 1 80
24456 1 26
24513 1 26
24968 1 2
25039 1 8
25512 1 2
25874 1 80
26100 1 80
26219 1 2
26236 1 80
26501 1 2
26735 1 8
26854 1 80
26872 1 80
26877 1 80
27126 1 26
27196 1 8
27199 1 80
27402 1 8
27486 1 80
27697 1 80
27747 1 8
27823 1 26
28109 1 26
28231 1 26
28934 1 26
29209 1 8
29555 1 2
29745 1 26
29771 1 26
30027 1 26
30165 1 2
30391 1 2
30539 1 2
30551 1 8
30831 1 26
30930 1 26
30991 1 26
31190 1 80
31336 1 2
31451 1 8
31459 1 8
31501 1 80
31806 1 26
31891 1 2
32181 1 80
32366 1 8
32599 1 80
32729 1 80
32731 1 2
33776 1 2
34374 1 2
34497 1 2
34643 1 26
34793 1 26
34858 1 2
35064 1 26
35082 1 8
35501 1 2
35823 1 2
35904 1 80
35953 1 2
36013 1 26
36542 1 8
36687 1 80
36769 1 26
36908 1 8
37185 1 26
37250 1 26
37281 1 8
38298 1 8
38307 1 2
38371 1 26
38404 1 2
38884 1 8
39074 1 2
39114 1 80
39635 1 80
39962 1 80
40081 1 26
40505 1 8
40652 1 8
41004 1 80
41171 1 80
41423 1 26
41544 1 80
41564 1 8
41598 1 8
41626 1 2
41824 1 8
41937 1 80
42232 1 8
42965 1 80
43046 1 8
43214 1 26
43449 1 80
43499 1 80
43817 1 26
43907 1 80
44010 1 26
44129 1 2
44578 1 2
44974 1 2
45101 1 26
45200 1 80
45338 1 80
45520 1 2
45534 1 26
45733 1 2
45756 1 8
45845 1 26
45959 1 26
46393 1 80
46510 1 2
46606 1 80
47177 1 26
47617 1 26
47681 1 8
47924 1 80
48293 1 8
48534 1 80
48870 1 2
48946 1 80
48965 1 80
49203 1 2
49337 1 80
49489 1 8
49497 1 2
49959 1 26
49962 1 2
50047 1 80
50105 1 26
50205 1 80
50544 1 8
50662 1 26
50883 1 8
50953 1 8
51068 1 26
51083 1 8
51131 1 2
51562 1 80
51775 1 8
51880 1 80
51976 1 80
52301 1 8
52772 1 8
52829 1 26
52982 1 2
53051 1 2
53443 1 8
53593 1 80
53640 1 26
53657 1 8
53691 1 2
53761 1 8
53877 1 8
54365 1 80
54636 1 8
54973 1 26
55287 1 26
55310 1 8
55340 1 80
55492 1 80
55985 1 26
56381 1 8
56615 1 2
56689 1 80
56783 1 2
56839 1 26
57392 1 8
57524 1 80
57666 1 26
57743 1 26
57794 1 2
58052 1 2
58471 1 80
58701 1 80
58793 1 26
58859 1 80
58958 1 8
59170 1 80
59221 1 2
59393 1 26
59698 1 2
60001 1 26
60760 1 8
60884 1 26
61131 1 26
61411 1 26
61449 1 8
61605 1 8
61737 1 2
62272 1 26
62809 1 2
62858 1 26
63278 1 8
63363 1 80
63430 1 2
63551 1 80
63819 1 26
63911 1 80
64048 1 80
64527 1 2
64700 1 2
64797 1 2
65000 1 2
65003 1 26
65459 1 80
65549 1 8
65731 1 8
65761 1 8
65841 1 8
66415 1 26
67624 1 80
67714 1 2
67748 1 26
67930 1 80
67999 1 26
68106 1 80
68256 1 80
68295 1 2
68470 1 8
68606 1 26
68657 1 2
68860 1 2
69048 1 2
69171 1 8
69344 1 8
69560 1 80
69677 1 26
69688 1 80
69868 1 2
69945 1 26
70073 1 2
70085 1 2
70150 1 80
70182 1 80
70370 1 8
70406 1 2
70474 1 2
70599 1 80
70791 1 80
71076 1 26
71140 1 2
71166 1 80
71233 1 8
71899 1 80
72029 1 26
72077 1 80
72244 1 26
72278 1 8
72722 1 2
72996 1 2
73077 1 2
73094 1 80
73273 1 8
73536 1 80
74066 1 8
74067 1 80
74170 1 2
74252 1 80
74785 1 26
75135 1 26
75233 1 80
75245 1 2
75269 1 8
75316 1 80
76049 1 8
76106 1 80
76148 1 80
76273 1 8
76592 1 80
76896 1 2
77037 1 8
77144 1 80
77235 1 8
77262 1 8
77347 1 80
77414 1 8
77512 1 26
77564 1 26
77897 1 2
77994 1 26
78113 1 80
78299 1 26
78389 1 2
78570 1 2
78929 1 26
79073 1 26
80082 1 26
80434 1 8
80711 1 2
80807 1 2
80873 1 8
81019 1 8
81071 1 8
81374 1 2
81522 1 2
81673 1 8
81711 1 26
81997 1 8
82262 1 2
82329 1 8
82639 1 2
82835 1 26
82849 1 8
83008 1 8
83453 1 8
83958 1 8
83990 1 2
84485 1 80
84552 1 80
84647 1 80
84790 1 26
84901 1 2
84919 1 8
85749 1 2
85766 1 8
85802 1 8
85997 1 2
86082 1 8
86264 1 8
86293 1 8
86608 1 2
86705 1 8
87198 1 2
87720 1 26
88013 1 26
88099 1 2
88642 1 2
89551 1 8
89729 1 80
89792 1 8
90045 1 26
90195 1 80
90381 1 8
91395 1 8
91877 1 80
92040 1 80
92128 1 80
93117 1 2
93273 1 8
93393 1 80
93634 1 2
94068 1 8
95026 1 80
95100 1 80
95302 1 8
95408 1 26
95446 1 8
95468 1 26
95804 1 2
95847 1 8
96173 1 80
96278 1 8
96325 1 2
96383 1 26
96422 1 26
96464 1 26
96572 1 26
97456 1 26
97770 1 80
98142 1 8
98361 1 26
98391 1 8
98549 1 8
98689 1 26
98816 1 80
98978 1 80
99071 1 8
99249 1 8
99295 1 26
99396 1 2
99696 1 26
99932 1 26
99990 1 80
