500
526 1 3
1625 1 15
1644 1 63
1894 1 7
2318 1 31
2629 1 1
2665 1 63
2668 1 15
2819 1 3
2838 1 1
3158 1 15
3480 1 15
3775 1 1
4191 1 63
4236 1 63
4381 1 7
4434 1 1
4531 1 31
4547 1 7
4775 1 31
5055 1 15
5326 1 3
5542 1 63
5992 1 63
6229 1 3
6311 1 15
6494 1 7
6592 1 63
6724 1 15
6768 1 63
7298 1 63
7354 1 3
7376 1 31
7505 1 7
7717 1 63
7893 1 15
7923 1 31
8007 1 3
8562 1 3
8622 1 15
8780 1 63
9451 1 7
9682 1 1
10115 1 15
10259 1 7
10990 1 15
11086 1 15
11119 1 7
11345 1 3
11882 1 3
12137 1 31
12264 1 15
12417 1 3
12448 1 31
12518 1 1
13077 1 31
13105 1 31
13704 1 31
13757 1 7
13760 1 15
13809 1 31
13840 1 63
13880 1 7
13888 1 1
14143 1 15
14278 1 15
14358 1 63
14735 1 63
14778 1 7
15144 1 15
15302 1 7
15420 1 31
15875 1 7
15970 1 15
16225 1 1
16251 1 7
16466 1 63
16554 1 7
16864 1 31
17052 1 15
17256 1 63
17319 1 63
17509 1 63
18027 1 7
18197 1 3
19111 1 31
19227 1 31
19466 1 63
19906 1 1
19947 1 1
20099 1 15
20403 1 63
20735 1 63
21420 1 31
21515 1 7
22204 1 1
22655 1 15
23578 1 63
23754 1 7
24057 1 31
24194 1 63
24652 1 1
24775 1 31
24792 1 3
24828 1 7
24962 1 1
25001 1 15
25061 1 15
25332 1 31
25366 1 3
25593 1 1
26029 1 63
26178 1 15
26748 1 3
27280 1 63
27456 1 1
27973 1 7
28178 1 3
28290 1 3
28415 1 1
28493 1 31
28507 1 63
28558 1 31
28688 1 1
28811 1 7
28968 1 7
29022 1 15
29345 1 15
29744 1 7
29924 1 3
29980 1 63
30116 1 3
30283 1 7
30650 1 7
30855 1 3
30930 1 15
30947 1 15
30959 1 63
31259 1 3
31272 1 63
31370 1 15
31376 1 3
31912 1 15
31959 1 31
32122 1 31
32267 1 1
32505 1 15
32744 1 7
32797 1 63
33193 1 3
33252 1 31
33305 1 15
33337 1 7
33638 1 15
33677 1 15
33837 1 31
33909 1 31
34233 1 15
34344 1 63
34452 1 15
34481 1 63
34603 1 15
34743 1 3
34959 1 7
34983 1 15
35155 1 31
35256 1 1
35290 1 3
35429 1 31
35698 1 3
36183 1 1
36260 1 15
36332 1 63
36594 1 15
36633 1 63
36785 1 31
36802 1 3
36836 1 31
36892 1 7
37055 1 31
37202 1 31
37286 1 7
37492 1 1
37668 1 63
37672 1 1
38188 1 63
38286 1 63
38415 1 31
38665 1 63
38699 1 63
39046 1 31
39196 1 7
39391 1 31
39804 1 1
40059 1 15
40877 1 7
41038 1 31
41086 1 31
41657 1 15
41659 1 31
41983 1 63
42341 1 1
42612 1 3
42924 1 1
43093 1 63
43262 1 15
43748 1 63
43768 1 3
43776 1 1
43943 1 31
43961 1 63
44420 1 3
44512 1 7
44628 1 1
44861 1 63
44893 1 3
44998 1 7
45113 1 1
45205 1 63
45699 1 1
45712 1 7
45768 1 31
46168 1 31
46463 1 63
46648 1 7
46902 1 31
47014 1 1
47059 1 7
47375 1 1
47460 1 7
48295 1 7
48426 1 63
48628 1 1
49121 1 7
49490 1 7
49621 1 63
49753 1 63
49804 1 1
49827 1 31
49876 1 15
49905 1 63
50008 1 7
50201 1 7
50258 1 3
50426 1 1
50455 1 63
50545 1 7
50733 1 15
50876 1 15
50913 1 15
51473 1 1
51538 1 31
51539 1 3
51551 1 1
51928 1 15
52275 1 1
52548 1 31
52570 1 3
52606 1 3
52640 1 63
52746 1 3
52778 1 1
52946 1 63
53234 1 1
53348 1 63
53402 1 1
53670 1 1
54218 1 3
54304 1 3
54548 1 15
54602 1 1
54881 1 1
55085 1 31
55165 1 3
55323 1 3
55403 1 3
55416 1 1
55455 1 31
56166 1 15
56168 1 31
56362 1 7
56725 1 31
57029 1 15
57393 1 1
57678 1 15
57764 1 63
57769 1 1
58274 1 31
58353 1 63
58371 1 15
59505 1 7
59674 1 63
59789 1 1
60246 1 7
60263 1 7
60510 1 31
60514 1 7
60627 1 63
60667 1 1
60758 1 1
61008 1 15
61195 1 1
61307 1 3
61481 1 15
61538 1 15
61974 1 3
62717 1 63
62826 1 15
62903 1 7
63174 1 15
63506 1 1
63568 1 31
63752 1 63
63771 1 15
63900 1 31
63980 1 31
64118 1 3
64146 1 7
64234 1 3
64331 1 7
64603 1 7
64731 1 7
64957 1 1
64997 1 7
65113 1 15
65427 1 7
65657 1 1
65874 1 63
66092 1 1
66223 1 31
66438 1 1
67012 1 1
67381 1 31
67637 1 31
67838 1 15
67907 1 15
67942 1 15
68011 1 3
68040 1 1
68073 1 7
68193 1 15
68500 1 31
68542 1 63
68805 1 31
68977 1 63
69051 1 15
69332 1 7
69539 1 15
69608 1 3
69848 1 15
70554 1 3
70874 1 1
70934 1 63
71181 1 7
71432 1 31
71837 1 15
71887 1 31
72064 1 63
72093 1 63
72141 1 31
72374 1 15
72533 1 15
72709 1 1
72724 1 63
72751 1 31
73295 1 3
73420 1 3
73519 1 31
73568 1 3
73584 1 7
73878 1 1
73932 1 63
74331 1 15
74854 1 7
75330 1 1
75497 1 15
76309 1 1
76312 1 31
76313 1 3
76386 1 7
76441 1 7
76631 1 7
76696 1 31
76917 1 31
77088 1 15
77110 1 1
77151 1 1
77199 1 1
77498 1 15
77617 1 31
77620 1 3
77852 1 15
77915 1 7
78027 1 7
78085 1 3
78132 1 31
78291 1 1
78853 1 7
78923 1 3
79038 1 31
79139 1 7
79167 1 31
79370 1 1
79390 1 7
79490 1 15
79676 1 1
80110 1 3
80115 1 3
80126 1 1
80367 1 3
80469 1 3
80863 1 1
80905 1 31
81150 1 3
81319 1 7
81351 1 31
81575 1 15
81690 1 63
82235 1 31
82334 1 1
82524 1 63
82829 1 1
82896 1 1
82977 1 63
83135 1 63
83497 1 15
83512 1 15
83918 1 31
84117 1 7
84254 1 1
84443 1 1
84553 1 3
84590 1 31
84594 1 15
84718 1 31
85117 1 63
85137 1 1
85283 1 63
86078 1 3
86531 1 15
86580 1 15
87004 1 7
87282 1 3
87328 1 7
87412 1 3
87797 1 3
88234 1 15
88246 1 1
88369 1 15
88949 1 63
89134 1 7
89464 1 31
89493 1 31
89868 1 31
89913 1 3
90515 1 1
90531 1 3
90635 1 15
91072 1 31
91213 1 15
91648 1 3
92053 1 31
92432 1 7
92733 1 31
93083 1 31
93338 1 7
93801 1 63
93895 1 15
94091 1 15
94161 1 15
94524 1 63
94642 1 15
94714 1 1
94767 1 1
94791 1 7
94821 1 3
94883 1 3
95279 1 1
95666 1 15
96627 1 3
96669 1 7
96708 1 1
96770 1 31
97238 1 1
97373 1 63
97466 1 63
97509 1 15
97538 1 15
97990 1 7
98003 1 15
98104 1 31
98444 1 63
98834 1 7
98910 1 31
98913 1 15
99062 1 3
99453 1 7
99637 1 1
99816 1 1
99960 1 1
