500
303 1 63
547 1 82
1154 1 82
1162 1 96
1436 1 63
1467 1 96
1965 1 70
2194 1 96
2480 1 63
2563 1 96
2631 1 66
2665 1 80
2743 1 70
2826 1 80
2890 1 80
2969 1 63
3049 1 88
3157 1 96
3209 1 63
3874 1 82
4230 1 70
4246 1 60
4314 1 80
4380 1 78
4403 1 96
4683 1 96
4780 1 78
4911 1 60
4916 1 70
5001 1 72
5003 1 80
5058 1 88
5370 1 66
5420 1 63
5493 1 80
5582 1 63
5859 1 80
6187 1 78
6318 1 78
6341 1 96
6476 1 63
6489 1 72
6578 1 72
6795 1 60
7039 1 78
7861 1 82
7894 1 78
7962 1 66
7971 1 60
8404 1 88
8513 1 66
8903 1 70
8999 1 70
9030 1 72
9151 1 70
9370 1 70
9440 1 63
9508 1 82
9690 1 70
9737 1 88
9958 1 88
10038 1 72
10221 1 88
10643 1 78
10701 1 66
10797 1 72
11057 1 88
11065 1 60
11196 1 96
12050 1 66
12433 1 88
12457 1 80
12506 1 80
12577 1 63
12678 1 96
13086 1 82
13589 1 60
13746 1 70
13825 1 72
14234 1 80
14465 1 96
14661 1 63
14814 1 78
15044 1 72
15784 1 60
15836 1 82
16027 1 63
16188 1 72
16515 1 66
16558 1 63
17153 1 88
17249 1 78
17258 1 88
17420 1 70
17491 1 63
17499 1 63
17703 1 70
17893 1 88
18173 1 88
18302 1 72
18433 1 60
18674 1 70
19325 1 82
19549 1 78
19867 1 82
19897 1 72
20037 1 72
20715 1 66
21335 1 63
21446 1 72
21629 1 70
22074 1 70
22201 1 82
22891 1 80
22919 1 78
23330 1 70
23522 1 78
24610 1 96
24651 1 82
24866 1 70
24898 1 82
24930 1 80
25110 1 63
25232 1 63
25377 1 96
25423 1 96
25452 1 96
25854 1 88
25866 1 72
25870 1 70
25951 1 63
25991 1 88
26122 1 88
26214 1 60
26484 1 88
26618 1 70
26956 1 66
27088 1 80
27555 1 66
27842 1 96
28304 1 63
28412 1 88
28666 1 88
28916 1 88
29262 1 82
29332 1 88
29412 1 60
29763 1 60
29990 1 70
30024 1 60
30114 1 66
30209 1 80
30412 1 78
30826 1 63
30853 1 63
31061 1 70
31075 1 88
31236 1 78
31240 1 70
31356 1 78
31439 1 96
31789 1 72
31894 1 72
32232 1 88
33034 1 96
33246 1 66
33331 1 72
33401 1 80
33992 1 72
34029 1 96
34173 1 80
35127 1 63
35462 1 60
35465 1 70
35534 1 78
35558 1 82
35606 1 63
35775 1 70
36113 1 66
36132 1 96
36419 1 78
36857 1 88
36953 1 63
37197 1 78
37239 1 88
37505 1 82
37634 1 63
37739 1 60
38025 1 66
38117 1 63
38149 1 88
38201 1 60
38223 1 70
38374 1 60
39211 1 70
39363 1 60
39501 1 60
39583 1 66
39650 1 66
39864 1 63
40207 1 82
40258 1 72
40299 1 60
40555 1 63
40664 1 72
41079 1 78
41089 1 60
41874 1 72
42348 1 82
42353 1 88
42360 1 72
42492 1 70
42518 1 82
42557 1 70
42591 1 80
42949 1 72
43079 1 70
43419 1 88
43491 1 96
43748 1 70
43767 1 80
43948 1 78
44035 1 82
44036 1 80
44282 1 72
44518 1 88
44607 1 78
44777 1 82
44859 1 70
45130 1 78
45297 1 63
45306 1 72
46173 1 63
46195 1 72
46346 1 60
46727 1 80
47328 1 63
47431 1 82
47501 1 82
47776 1 96
47953 1 80
47958 1 96
47990 1 96
48424 1 96
48551 1 70
49639 1 63
49751 1 78
50181 1 78
50184 1 80
50254 1 82
50685 1 88
50822 1 96
51315 1 82
51419 1 82
51467 1 80
51558 1 78
51628 1 80
51686 1 66
51698 1 78
52462 1 66
52813 1 63
53036 1 80
53070 1 82
53170 1 66
53271 1 78
53463 1 88
53751 1 66
53782 1 78
53825 1 70
53841 1 72
54056 1 72
54262 1 80
54388 1 82
54438 1 88
54592 1 66
54671 1 88
55116 1 66
55385 1 96
55495 1 78
55630 1 66
55655 1 66
55676 1 88
55819 1 82
56084 1 80
56514 1 82
56722 1 63
57109 1 72
57122 1 88
57157 1 88
57388 1 72
57576 1 63
58037 1 63
58104 1 60
58287 1 60
58515 1 66
58557 1 96
58650 1 72
58852 1 78
58932 1 72
59032 1 63
59043 1 72
59412 1 88
59513 1 70
59548 1 78
59569 1 78
59970 1 96
59991 1 66
60611 1 63
60825 1 88
60983 1 82
61056 1 60
61181 1 82
61370 1 70
61409 1 82
61647 1 88
61855 1 78
62255 1 63
62324 1 88
62597 1 66
62660 1 78
62778 1 80
63049 1 96
63108 1 88
63889 1 78
63984 1 78
64000 1 78
64118 1 70
64233 1 66
64796 1 82
64803 1 82
65133 1 70
65511 1 78
65864 1 63
65991 1 80
66033 1 70
66459 1 60
66536 1 88
66654 1 82
66974 1 96
67020 1 82
67028 1 66
67106 1 66
67435 1 70
67527 1 96
67707 1 80
67953 1 88
68277 1 88
68435 1 78
68516 1 63
68746 1 60
69094 1 88
69477 1 63
69480 1 66
69700 1 82
69948 1 88
70060 1 88
70202 1 60
70407 1 63
70431 1 78
70936 1 82
71149 1 82
71339 1 78
71474 1 70
71491 1 60
71972 1 70
71980 1 72
72239 1 80
72478 1 82
72621 1 63
72949 1 80
73096 1 63
73697 1 60
74057 1 72
74753 1 72
75093 1 66
75290 1 78
75301 1 60
75510 1 96
75550 1 63
75561 1 60
75627 1 63
75669 1 63
75729 1 66
75784 1 63
76005 1 80
76345 1 82
76916 1 72
77130 1 72
77240 1 80
78004 1 60
78126 1 80
78252 1 82
78328 1 60
78446 1 63
78552 1 72
78728 1 63
78918 1 63
78935 1 63
79012 1 82
79048 1 72
79051 1 82
79147 1 80
79253 1 96
79511 1 82
79726 1 96
79820 1 63
79893 1 80
79919 1 82
80103 1 60
80325 1 78
80477 1 72
80527 1 70
80751 1 78
80784 1 80
81188 1 72
81234 1 88
81367 1 88
81487 1 82
81532 1 63
81982 1 82
82172 1 66
82259 1 63
82320 1 66
82552 1 82
82970 1 80
83006 1 80
83014 1 63
83070 1 70
83253 1 60
83678 1 80
83974 1 96
84212 1 63
84260 1 66
84794 1 63
85141 1 88
85429 1 78
85704 1 82
85793 1 70
85900 1 96
86519 1 82
86630 1 88
87023 1 60
87217 1 82
87314 1 80
87589 1 88
88018 1 66
88034 1 80
88477 1 78
88496 1 63
89099 1 80
89247 1 72
89253 1 60
89305 1 60
89377 1 96
89417 1 63
89445 1 66
89959 1 72
90382 1 70
90643 1 70
90799 1 70
91108 1 70
91147 1 96
91156 1 66
91197 1 60
91421 1 96
91912 1 88
91946 1 82
92623 1 60
92711 1 96
92781 1 96
92808 1 72
92927 1 70
93031 1 63
93089 1 66
93102 1 72
93652 1 60
94148 1 78
94328 1 60
94372 1 82
94719 1 96
95643 1 72
96252 1 88
96328 1 60
96459 1 66
96705 1 63
97051 1 66
97421 1 80
97526 1 96
97602 1 70
97983 1 66
98102 1 88
98123 1 88
98805 1 80
98970 1 80
99060 1 66
99528 1 82
99568 1 66
99749 1 66
99804 1 63
99858 1 80
