500
581 1 63
585 1 80
788 1 24
1033 1 48
1388 1 93
1589 1 92
1814 1 99
2081 1 94
2108 1 90
2182 1 98
2597 1 87
2736 1 81
3198 1 85
3389 1 93
3587 1 73
4044 1 92
4080 1 85
4417 1 73
4510 1 81
4552 1 85
4668 1 92
4705 1 92
4773 1 81
4869 1 93
5093 1 81
5210 1 92
5323 1 81
5554 1 73
5876 1 73
6352 1 92
6367 1 93
7073 1 81
7654 1 85
7684 1 81
8107 1 92
8177 1 81
8224 1 93
8330 1 93
8907 1 73
8919 1 81
9026 1 85
9358 1 92
9449 1 85
9528 1 93
10091 1 81
10634 1 81
10764 1 73
11192 1 93
11194 1 81
11394 1 93
11668 1 85
11685 1 73
11736 1 92
11852 1 92
12061 1 85
12069 1 93
12206 1 92
12228 1 85
12366 1 85
12509 1 85
12779 1 85
12788 1 92
12910 1 92
13020 1 93
13116 1 73
13129 1 81
13192 1 92
13321 1 92
13610 1 85
14057 1 92
14180 1 92
14428 1 81
14595 1 92
14861 1 93
14863 1 81
15118 1 93
15127 1 85
15243 1 81
15378 1 92
15507 1 92
15783 1 93
15861 1 92
16295 1 73
16611 1 93
16830 1 81
16876 1 92
17174 1 81
17516 1 81
17802 1 73
17956 1 73
18066 1 93
18189 1 93
18221 1 85
18509 1 81
18720 1 93
19055 1 92
19092 1 92
19221 1 85
19827 1 81
19867 1 81
19949 1 93
20134 1 93
20923 1 85
20944 1 92
21039 1 92
21137 1 81
21971 1 73
22410 1 92
22424 1 81
22449 1 81
22987 1 73
23211 1 85
23485 1 93
23547 1 85
23594 1 92
23808 1 93
23968 1 73
25181 1 81
25339 1 81
25366 1 92
25431 1 73
25487 1 81
25554 1 73
25623 1 93
25783 1 81
26016 1 81
26023 1 92
26030 1 93
26068 1 93
26180 1 85
26376 1 92
26508 1 93
26750 1 93
27280 1 85
28246 1 81
28293 1 92
28297 1 85
28494 1 85
28797 1 81
28802 1 92
29020 1 81
29071 1 73
29078 1 93
29340 1 93
29549 1 73
29765 1 81
30092 1 92
30251 1 92
30266 1 73
30366 1 85
30927 1 73
31011 1 73
31302 1 93
31373 1 81
31555 1 92
31586 1 93
31649 1 81
31732 1 85
31940 1 81
32318 1 85
32325 1 92
32492 1 93
32929 1 93
33287 1 85
33916 1 93
34033 1 92
34175 1 73
34385 1 92
34677 1 81
35186 1 81
35525 1 81
35653 1 73
35705 1 93
36073 1 81
36286 1 93
36300 1 92
36793 1 92
36964 1 81
37091 1 85
37471 1 85
38140 1 92
38848 1 92
38996 1 81
39296 1 73
39298 1 85
39417 1 73
39470 1 93
39500 1 92
39886 1 85
40067 1 92
40104 1 93
40629 1 85
40853 1 93
41297 1 93
41450 1 93
41599 1 73
41642 1 73
41714 1 93
41834 1 73
42201 1 73
42287 1 93
42308 1 93
42379 1 73
42492 1 81
42602 1 93
42891 1 93
43063 1 85
43236 1 93
43411 1 73
43516 1 73
43579 1 73
43643 1 92
43736 1 85
43783 1 92
43948 1 93
45327 1 85
45371 1 93
45406 1 92
45500 1 92
45714 1 92
45817 1 85
46343 1 93
46353 1 81
47110 1 73
47149 1 85
47334 1 81
47399 1 93
47644 1 81
47712 1 93
47762 1 85
47837 1 93
48520 1 85
48611 1 92
48673 1 81
48750 1 92
48791 1 93
48963 1 85
49036 1 81
49085 1 73
49299 1 85
49417 1 81
49479 1 81
49533 1 92
50345 1 93
50375 1 85
50634 1 85
50874 1 85
51266 1 85
51539 1 93
51637 1 92
52196 1 93
52310 1 93
52468 1 93
52602 1 73
52831 1 73
53043 1 81
53438 1 93
55273 1 85
55431 1 93
55957 1 85
56306 1 73
56848 1 85
56916 1 92
56944 1 81
57079 1 81
58049 1 85
58355 1 92
58433 1 93
58523 1 93
58568 1 92
58721 1 81
58949 1 73
59034 1 93
59104 1 92
59421 1 81
59584 1 93
59824 1 81
60009 1 73
60189 1 93
60211 1 93
60212 1 81
60406 1 81
60575 1 93
60582 1 92
61150 1 92
61294 1 93
61387 1 92
61757 1 85
61769 1 81
61850 1 92
61966 1 93
62185 1 92
62382 1 73
62606 1 85
62663 1 73
62830 1 81
62956 1 85
63016 1 73
63041 1 73
63136 1 81
64160 1 81
64365 1 73
64711 1 81
64863 1 81
64974 1 85
65407 1 73
65618 1 93
65696 1 85
65742 1 81
65954 1 73
66086 1 93
66158 1 93
66223 1 93
66553 1 93
66706 1 73
66949 1 92
67026 1 85
67311 1 73
67362 1 93
67381 1 73
67691 1 93
67719 1 93
67867 1 73
68064 1 73
68132 1 73
68274 1 85
68427 1 73
68497 1 81
68576 1 85
68624 1 85
68686 1 92
68747 1 81
69014 1 92
69030 1 93
69069 1 81
69181 1 92
69303 1 85
69752 1 85
69849 1 85
70127 1 81
70260 1 93
70597 1 81
70641 1 92
70846 1 85
70903 1 73
71139 1 81
71310 1 93
71334 1 73
71357 1 81
71430 1 93
71568 1 73
71739 1 73
71859 1 73
73155 1 81
73432 1 81
73449 1 92
73459 1 81
73518 1 85
73611 1 81
73708 1 92
73779 1 73
74703 1 85
74783 1 92
74825 1 85
74838 1 93
74926 1 93
75256 1 92
75650 1 85
76157 1 73
76317 1 93
76368 1 92
76675 1 85
76826 1 93
77950 1 85
78213 1 85
78881 1 85
79002 1 73
79102 1 85
79265 1 73
79598 1 81
79823 1 92
79953 1 93
79976 1 85
80636 1 85
80669 1 93
81100 1 85
81226 1 81
81343 1 92
81669 1 81
82025 1 92
82137 1 85
82271 1 73
82320 1 81
82441 1 92
82677 1 85
82795 1 85
82899 1 81
83063 1 92
83070 1 93
83206 1 73
83309 1 85
83384 1 81
83481 1 73
83698 1 85
84117 1 73
84148 1 85
84154 1 81
84247 1 81
84454 1 92
84584 1 73
84697 1 92
84862 1 81
85235 1 85
85304 1 93
85634 1 92
85765 1 81
85902 1 85
85980 1 73
86194 1 93
86552 1 92
86645 1 93
86688 1 85
86696 1 93
86818 1 92
86879 1 81
87135 1 85
87162 1 73
87168 1 73
87640 1 85
87676 1 92
87677 1 81
87694 1 81
87772 1 85
87790 1 81
87944 1 73
87947 1 81
88091 1 73
88435 1 93
88457 1 93
88542 1 73
88737 1 92
89025 1 81
89090 1 85
89268 1 92
89288 1 73
89446 1 81
90291 1 92
90685 1 81
90721 1 73
90733 1 73
90823 1 81
90908 1 81
90979 1 73
91590 1 81
91999 1 85
92312 1 93
92624 1 93
92664 1 73
92721 1 85
93033 1 81
93156 1 85
93294 1 92
93698 1 93
93897 1 85
93933 1 81
94050 1 92
94085 1 73
94476 1 85
94725 1 73
94811 1 81
94872 1 93
94968 1 93
95090 1 85
95122 1 92
95191 1 81
95521 1 81
95741 1 81
95849 1 73
95981 1 93
96332 1 93
96387 1 93
96505 1 85
96581 1 92
96672 1 73
96681 1 93
96721 1 92
96806 1 92
96967 1 81
96978 1 93
96993 1 92
97053 1 93
97163 1 73
97393 1 92
97413 1 92
97800 1 81
97949 1 85
99377 1 73
99457 1 93
99521 1 92
99674 1 73
