500
140 0 100
218 0 100
516 0 100
950 0 100
1350 0 100
1367 0 100
2072 0 100
2105 0 100
2116 0 100
2188 0 100
2401 0 100
3543 0 100
3837 0 100
3910 0 100
4026 0 100
4089 0 100
4375 0 100
4382 0 100
4545 0 100
4562 0 100
4756 0 100
5096 0 100
5214 0 100
5287 0 100
5588 0 100
5727 0 100
5742 0 100
6732 0 100
6771 0 100
6946 0 100
7205 0 100
7488 0 100
7513 0 100
7637 0 100
7948 0 100
8325 0 100
8360 0 100
8475 0 100
9015 0 100
9045 0 100
9094 0 100
9370 0 100
9689 0 100
10024 0 100
10077 0 100
10134 0 100
10174 0 100
10282 0 100
10393 0 100
10501 0 100
10634 0 100
10645 0 100
10788 0 100
10870 0 100
10974 0 100
11014 0 100
11241 0 100
11324 0 100
11787 0 100
11836 0 100
12036 0 100
12308 0 100
12385 0 100
12637 0 100
12758 0 100
12894 0 100
13049 0 100
13230 0 100
14184 0 100
14264 0 100
14738 0 100
14814 0 100
14865 0 100
15023 0 100
15250 0 100
15372 0 100
15452 0 100
15550 0 100
15555 0 100
15564 0 100
15565 0 100
16001 0 100
16032 0 100
16184 0 100
16292 0 100
16315 0 100
16512 0 100
16552 0 100
16956 0 100
17075 0 100
17111 0 100
17574 0 100
17674 0 100
17774 0 100
17807 0 100
18119 0 100
18152 0 100
18188 0 100
18219 0 100
18311 0 100
18407 0 100
18485 0 100
18503 0 100
18616 0 100
18886 0 100
18957 0 100
19044 0 100
19171 0 100
19842 0 100
19847 0 100
19900 0 100
20200 0 100
20233 0 100
21004 0 100
21198 0 100
21307 0 100
21747 0 100
21781 0 100
21928 0 100
22034 0 100
22064 0 100
22507 0 100
22589 0 100
22610 0 100
22939 0 100
23143 0 100
23173 0 100
23651 0 100
23822 0 100
24423 0 100
24526 0 100
24591 0 100
24736 0 100
24775 0 100
24835 0 100
24901 0 100
24912 0 100
24947 0 100
24977 0 100
25253 0 100
26580 0 100
26880 0 100
26925 0 100
27044 0 100
27150 0 100
27583 0 100
27848 0 100
28056 0 100
28947 0 100
29355 0 100
29674 0 100
29918 0 100
29929 0 100
30157 0 100
30342 0 100
30429 0 100
30436 0 100
30482 0 100
30519 0 100
30645 0 100
30655 0 100
31274 0 100
31932 0 100
31985 0 100
32026 0 100
32464 0 100
32489 0 100
32856 0 100
33122 0 100
33176 0 100
33347 0 100
33618 0 100
33839 0 100
34215 0 100
34290 0 100
34518 0 100
34747 0 100
34839 0 100
35103 0 100
35374 0 100
35390 0 100
35454 0 100
35575 0 100
35731 0 100
35924 0 100
36139 0 100
36359 0 100
36865 0 100
36912 0 100
37160 0 100
37329 0 100
37716 0 100
37788 0 100
37864 0 100
37881 0 100
37910 0 100
38199 0 100
38405 0 100
38416 0 100
38463 0 100
38475 0 100
38502 0 100
38885 0 100
38957 0 100
39060 0 100
39420 0 100
39455 0 100
39536 0 100
39750 0 100
40085 0 100
40548 0 100
40652 0 100
40730 0 100
40835 0 100
41395 0 100
41808 0 100
41866 0 100
41901 0 100
42110 0 100
42185 0 100
42273 0 100
42384 0 100
42399 0 100
42631 0 100
42714 0 100
42777 0 100
42835 0 100
43397 0 100
43433 0 100
43858 0 100
44433 0 100
44849 0 100
45545 0 100
46306 0 100
47206 0 100
47687 0 100
47844 0 100
47920 0 100
47930 0 100
47966 0 100
48043 0 100
48593 0 100
48742 0 100
48827 0 100
48962 0 100
49052 0 100
49205 0 100
49286 0 100
49711 0 100
50001 0 100
50186 0 100
50223 0 100
50234 0 100
50387 0 100
50869 0 100
50987 0 100
51124 0 100
51155 0 100
51357 0 100
51369 0 100
51432 0 100
51502 0 100
52352 0 100
52508 0 100
52678 0 100
52812 0 100
52887 0 100
52897 0 100
53049 0 100
53169 0 100
53248 0 100
53378 0 100
53460 0 100
53739 0 100
53912 0 100
54658 0 100
54928 0 100
55013 0 100
55050 0 100
55088 0 100
55155 0 100
55177 0 100
55216 0 100
55416 0 100
56286 0 100
56618 0 100
56885 0 100
57785 0 100
58097 0 100
58167 0 100
58657 0 100
59120 0 100
59462 0 100
59916 0 100
59962 0 100
60330 0 100
60451 0 100
60516 0 100
60738 0 100
60747 0 100
60783 0 100
60871 0 100
60920 0 100
61149 0 100
61554 0 100
61570 0 100
61629 0 100
61647 0 100
61775 0 100
62739 0 100
62749 0 100
63331 0 100
63431 0 100
63448 0 100
64242 0 100
64298 0 100
64388 0 100
64449 0 100
64757 0 100
65025 0 100
65383 0 100
65396 0 100
65436 0 100
65537 0 100
65586 0 100
65664 0 100
66174 0 100
66525 0 100
66728 0 100
67453 0 100
67832 0 100
67944 0 100
68470 0 100
69205 0 100
69343 0 100
69381 0 100
69671 0 100
69673 0 100
69789 0 100
70046 0 100
70115 0 100
70260 0 100
70467 0 100
70547 0 100
70647 0 100
70679 0 100
70746 0 100
70751 0 100
70776 0 100
70826 0 100
71131 0 100
71417 0 100
71433 0 100
71733 0 100
72077 0 100
72135 0 100
72208 0 100
72536 0 100
72542 0 100
72629 0 100
72677 0 100
72833 0 100
72948 0 100
72996 0 100
73080 0 100
73543 0 100
73614 0 100
73744 0 100
73803 0 100
73899 0 100
74072 0 100
74130 0 100
74259 0 100
74341 0 100
74393 0 100
74476 0 100
74577 0 100
74592 0 100
74967 0 100
75073 0 100
75290 0 100
76090 0 100
76345 0 100
76440 0 100
76642 0 100
76673 0 100
76739 0 100
77819 0 100
77881 0 100
77938 0 100
78052 0 100
78555 0 100
79063 0 100
79065 0 100
79351 0 100
79440 0 100
79847 0 100
79983 0 100
80215 0 100
80774 0 100
80800 0 100
80996 0 100
81072 0 100
81155 0 100
81403 0 100
81593 0 100
81685 0 100
81757 0 100
82061 0 100
82135 0 100
82141 0 100
82279 0 100
82337 0 100
82342 0 100
82394 0 100
82493 0 100
82573 0 100
82657 0 100
83649 0 100
83936 0 100
83941 0 100
84307 0 100
84964 0 100
85344 0 100
85793 0 100
86198 0 100
86236 0 100
86417 0 100
86540 0 100
87003 0 100
87026 0 100
87052 0 100
87436 0 100
87708 0 100
87900 0 100
87916 0 100
88034 0 100
88139 0 100
88177 0 100
88194 0 100
88361 0 100
88423 0 100
88720 0 100
88809 0 100
89020 0 100
89492 0 100
89559 0 100
89658 0 100
90100 0 100
90217 0 100
90682 0 100
90849 0 100
90914 0 100
91085 0 100
91089 0 100
91217 0 100
91218 0 100
91405 0 100
91624 0 100
91988 0 100
92332 0 100
92357 0 100
92551 0 100
92564 0 100
92725 0 100
92910 0 100
93134 0 100
93289 0 100
93310 0 100
93312 0 100
94168 0 100
94487 0 100
94652 0 100
94746 0 100
94833 0 100
95087 0 100
95249 0 100
95585 0 100
95762 0 100
95959 0 100
96217 0 100
96465 0 100
96523 0 100
96637 0 100
96801 0 100
96878 0 100
97039 0 100
97154 0 100
97161 0 100
97450 0 100
97513 0 100
97644 0 100
97877 0 100
98625 0 100
98965 0 100
99040 0 100
99256 0 100
99426 0 100
99478 0 100
99796 0 100
