261
84 1 91
127 1 81
171 1 82
261 1 92
305 1 95
330 1 58
412 1 96
439 1 86
441 1 66
487 1 72
519 1 85
558 1 96
583 1 60
637 1 60
712 1 94
746 1 70
818 1 82
857 1 78
859 1 52
903 1 81
970 1 82
1033 1 72
1070 1 85
1100 1 96
1154 1 93
1207 1 88
1244 1 70
1246 1 82
1272 1 78
1322 1 73
1340 1 78
1381 1 58
1405 1 94
1490 1 92
1558 1 99
1583 1 52
1586 1 58
1592 1 72
1645 1 88
1667 1 70
1720 1 96
1764 1 92
1816 1 85
1862 1 82
1884 1 66
1920 1 73
1973 1 95
1983 1 66
2026 1 81
2050 1 78
2069 1 80
2120 1 58
2165 1 72
2180 1 82
2250 1 78
2305 1 78
2319 1 85
2407 1 93
2431 1 70
2434 1 86
2465 1 70
2491 1 78
2536 1 73
2542 1 58
2575 1 70
2640 1 78
2648 1 72
2690 1 85
2718 1 73
2724 1 96
2767 1 85
2769 1 72
2796 1 94
2814 1 96
2818 1 73
2867 1 81
2892 1 78
2932 1 72
2940 1 96
2953 1 82
2969 1 96
3038 1 70
3116 1 93
3160 1 52
3161 1 72
3216 1 58
3259 1 66
3322 1 99
3400 1 86
3466 1 99
3490 1 60
3549 1 82
3582 1 72
3637 1 84
3657 1 93
3721 1 96
3736 1 96
3739 1 60
3784 1 66
3826 1 70
3906 1 80
3952 1 92
4030 1 88
4084 1 58
4089 1 78
4117 1 78
4162 1 85
4189 1 99
4213 1 91
4269 1 92
4306 1 58
4377 1 70
4385 1 60
4466 1 82
4479 1 60
4551 1 88
4563 1 88
4585 1 82
4625 1 70
4629 1 52
4685 1 93
4731 1 85
4806 1 96
4814 1 86
4825 1 86
4846 1 66
4867 1 73
4901 1 78
4946 1 58
5007 1 66
5073 1 88
5090 1 72
5145 1 78
5215 1 99
5296 1 88
5319 1 52
5401 1 88
5456 1 88
5521 1 88
5529 1 52
5562 1 60
5606 1 52
5647 1 84
5674 1 52
5692 1 93
5719 1 60
5745 1 96
5783 1 60
5825 1 82
5838 1 88
5913 1 81
5970 1 90
6047 1 78
6083 1 84
6095 1 52
6168 1 81
6232 1 88
6316 1 88
6385 1 84
6412 1 81
6462 1 70
6512 1 86
6526 1 92
6564 1 52
6612 1 58
6705 1 96
6737 1 88
6807 1 99
6851 1 70
6905 1 58
6993 1 93
7021 1 66
7042 1 78
7119 1 82
7184 1 72
7261 1 82
7281 1 60
7320 1 70
7394 1 81
7454 1 88
7471 1 78
7551 1 93
7588 1 66
7657 1 96
7705 1 60
7746 1 72
7798 1 93
7868 1 88
7908 1 66
7986 1 96
8070 1 85
8078 1 91
8091 1 73
8141 1 52
8227 1 96
8293 1 66
8343 1 82
8402 1 70
8452 1 66
8518 1 70
8553 1 90
8555 1 78
8563 1 78
8596 1 88
8659 1 66
8732 1 72
8735 1 60
8756 1 66
8771 1 52
8808 1 82
8888 1 82
8971 1 85
9018 1 96
9083 1 72
9169 1 92
9195 1 96
9239 1 72
9261 1 72
9267 1 60
9346 1 81
9419 1 96
9463 1 86
9491 1 66
9505 1 78
9561 1 72
9627 1 70
9685 1 95
9716 1 58
9742 1 60
9774 1 91
9777 1 60
9831 1 70
9877 1 82
9898 1 82
9963 1 88
10038 1 88
10046 1 73
10092 1 97
10145 1 96
10191 1 95
10194 1 58
10284 1 96
10342 1 96
10371 1 88
10378 1 88
10464 1 91
10532 1 94
10573 1 66
10646 1 93
10649 1 81
10660 1 73
10682 1 90
10716 1 82
10755 1 88
10819 1 93
10878 1 96
10950 1 82
10986 1 52
11079 1 96
11092 1 72
11129 1 58
