500
1490 16 42
1519 27 43
1552 44 31
2145 55 16
2554 7 17
2600 1 0
2998 96 4
3260 1 1
3376 50 6
3408 41 55
3537 70 23
3561 5 1
3851 22 13
4175 52 33
4196 37 50
4372 47 35
4442 11 19
4462 10 5
4493 5 81
4524 16 82
4958 3 89
5144 13 12
5215 49 34
5226 2 4
5400 12 2
5536 63 34
5665 69 2
5712 13 25
5793 0 3
5859 17 80
6082 12 26
6405 56 15
6437 24 43
6716 0 8
6796 55 29
7087 33 55
7197 3 1
7289 4 33
7292 2 6
7478 0 8
7662 19 38
7681 38 44
7732 12 3
7748 17 2
7815 42 33
7845 29 46
8060 42 28
8151 16 14
8379 4 38
8450 9 25
8554 48 31
9655 62 8
9690 25 4
9947 1 15
10623 80 9
10922 2 2
11088 58 18
11424 16 35
11445 0 2
11448 16 68
11542 55 13
11793 44 44
11856 56 0
11903 35 48
12079 11 81
12238 8 43
12431 23 48
12529 16 27
12640 9 7
12672 28 70
12723 34 19
12943 84 14
13188 13 0
13238 20 2
13461 17 45
13714 19 3
13778 8 11
13788 68 7
13815 52 4
13929 3 82
14197 53 29
14308 3 44
14320 3 29
14691 52 13
15918 60 23
16032 4 13
16209 61 20
16255 26 39
17400 11 9
17842 3 8
17879 5 3
17981 24 37
18060 59 26
18346 1 2
18443 25 4
18531 54 1
19230 0 7
19365 22 38
19974 47 29
20120 0 31
20354 2 54
20356 0 64
20574 0 4
21069 9 18
21077 68 30
21487 25 32
21785 9 48
22029 15 65
22403 5 0
22459 12 20
22713 86 9
23054 1 0
23058 34 2
23204 26 3
23562 10 30
23662 16 4
23698 8 68
24105 70 3
24308 7 91
24403 23 48
24425 6 4
24994 34 7
25020 20 55
25139 2 9
25250 11 70
25745 7 9
25906 7 52
26028 34 5
26089 45 14
26306 77 9
26338 29 1
26452 7 9
26754 21 26
26919 11 78
27051 5 5
27385 42 30
27615 59 30
27645 80 1
27797 21 45
27835 57 20
27910 4 13
27979 25 72
28480 15 37
28609 6 67
28689 37 29
28930 82 12
29242 23 12
29269 58 21
29307 7 27
29735 2 35
29823 84 2
30293 2 42
30342 1 89
30515 17 61
31385 32 7
31403 4 17
31858 6 56
32099 1 7
32116 10 6
32281 33 30
32408 43 7
32579 62 19
32655 4 11
33092 40 48
33455 8 47
33499 49 48
33754 73 6
33805 2 7
33930 4 6
34095 32 0
34112 82 12
34406 9 8
34781 23 6
34810 7 30
34967 2 7
34973 3 15
35199 24 54
35211 23 3
35334 31 17
35437 3 23
35496 77 11
35696 49 17
35957 3 12
36170 12 1
36189 10 47
36197 0 4
36771 57 29
36988 19 22
37136 23 63
37239 86 6
37612 1 12
37653 16 21
37763 12 73
37938 48 48
38109 19 19
38130 3 66
38418 14 37
38467 2 25
38812 57 31
39393 51 18
39461 27 36
39922 19 46
40232 30 45
40378 15 10
40762 44 39
40803 0 1
40814 37 49
40888 21 9
41597 10 6
41809 39 1
41886 1 7
42006 2 37
42103 1 46
42669 2 8
42684 3 44
42752 6 59
42755 20 71
42972 29 18
43109 7 2
43142 29 45
43152 9 83
43408 68 25
43653 68 9
43752 5 15
43796 6 27
43859 25 7
43991 35 65
44102 14 35
44382 42 29
44890 35 13
44897 2 26
44976 2 2
45377 11 5
45583 22 25
46273 20 45
46351 30 3
46644 1 3
47069 19 42
47098 2 37
47176 17 77
47233 34 3
47374 6 38
47642 0 48
47711 3 3
47871 29 58
48021 17 79
49493 18 51
49536 2 25
49618 44 20
49891 8 1
50005 4 3
50345 40 1
50350 18 12
50565 35 37
50761 22 66
50819 5 48
50867 55 12
51080 15 11
51104 84 0
51892 9 1
51914 48 43
52445 6 29
52544 11 65
52685 1 16
52776 10 25
53419 31 11
53762 22 26
54155 51 18
54281 17 0
54365 18 52
54659 18 18
54709 25 45
54824 0 39
55143 0 1
55250 56 23
55458 54 6
55695 6 2
55870 58 9
56414 56 6
56805 20 13
56831 11 88
56845 65 29
56935 55 20
57038 1 73
57261 32 0
57378 14 2
57444 30 16
57514 2 13
57536 43 44
57602 3 9
57604 72 25
57983 40 1
57990 19 34
58149 1 0
58211 9 37
58476 81 3
58809 8 5
58862 44 1
59096 85 12
59148 7 3
59356 20 2
59815 44 54
60058 42 1
60149 29 26
60522 4 13
60613 26 12
60654 31 4
60800 37 59
60874 41 57
60904 58 0
60975 0 2
61033 3 79
61191 1 1
61244 31 59
61548 31 20
61555 38 49
61663 32 38
61748 63 2
61795 37 9
61848 12 30
62188 35 1
62192 27 28
62912 37 16
63034 36 41
63263 1 11
64189 18 0
64224 27 16
64514 12 6
64941 18 42
64991 16 39
65034 31 8
65198 1 84
65333 2 67
65365 12 32
65521 17 12
65898 3 60
65923 28 65
66334 37 49
66866 66 34
67797 0 81
67839 3 8
68195 23 42
68445 17 45
69005 36 6
69545 33 17
69752 59 17
69778 14 79
69835 0 10
69873 12 33
70310 59 0
70328 0 4
70551 17 12
71199 3 40
71314 5 18
71455 22 24
71519 14 25
71736 17 3
71832 30 17
71983 5 8
72130 94 3
72626 9 83
72923 11 31
72998 25 58
73265 22 49
73280 42 33
73305 1 0
73388 12 26
73463 13 10
73522 20 9
73542 17 71
73793 3 24
73875 47 37
74191 24 56
74286 3 39
74564 14 11
74748 57 34
74819 23 19
75582 1 1
75726 14 2
75991 17 21
76261 11 71
76336 37 46
76474 19 41
76558 32 2
76569 69 27
76596 47 53
76598 11 14
76765 41 57
77265 8 12
77362 1 64
77540 46 37
77645 78 3
78021 24 34
78088 10 3
78239 39 25
78243 29 69
78670 4 14
78817 47 44
79319 6 46
79959 24 20
80804 6 4
80856 24 57
80868 39 12
81001 25 39
81025 32 47
81026 0 85
81137 51 12
81263 24 3
81384 26 30
81399 5 90
81638 1 20
82270 9 1
82679 29 15
82718 21 42
82924 5 55
83073 1 2
83241 34 37
83481 31 62
83601 0 8
84068 29 10
84407 51 24
84433 11 3
84681 2 44
84760 13 51
84984 5 31
85204 18 6
85320 45 45
85750 6 24
85852 37 17
86030 22 3
86058 24 55
86278 24 55
86688 78 0
86906 0 66
87148 14 14
87586 65 29
87641 7 56
87828 0 64
88023 35 23
88834 1 10
89248 4 42
89317 12 48
89330 5 6
89560 24 5
89715 40 50
89731 0 10
89743 6 44
89836 15 22
89980 83 1
89988 33 7
90043 42 8
90427 2 1
90433 7 1
90745 66 30
91099 7 1
91188 43 26
91464 16 22
91511 20 12
91617 17 74
91635 67 14
91740 12 6
91863 0 2
92228 14 4
92270 31 26
92356 29 32
92418 1 3
92467 66 32
92742 96 4
93013 24 25
93031 42 20
93181 21 34
93424 11 5
93552 8 67
93663 39 54
93798 8 12
93884 0 3
94062 1 2
94143 29 23
94477 0 16
94661 26 61
94800 8 4
94991 20 2
95097 21 12
95520 0 22
96589 67 6
96812 91 3
97147 13 14
97351 36 13
97594 26 70
97791 35 0
98106 20 36
98133 26 4
98254 38 37
98325 17 33
98888 37 15
98921 16 24
98994 1 19
99094 12 6
99414 24 45
99783 64 25
