500
45 4 55
84 5 48
102 7 66
142 5 78
164 1 66
175 4 37
184 1 70
249 2 71
295 4 43
323 3 70
338 1 78
367 2 41
375 3 58
403 3 50
411 2 41
437 6 55
462 1 36
500 5 62
576 2 77
621 6 55
648 2 35
668 3 38
669 3 38
672 2 45
735 1 78
807 6 77
824 7 64
894 6 73
896 2 69
908 7 66
928 1 42
945 1 36
955 2 45
987 3 50
1053 4 75
1080 3 38
1108 1 58
1133 5 74
1163 1 40
1239 6 83
1285 2 45
1316 4 39
1333 1 46
1354 4 57
1372 4 63
1412 4 49
1418 6 83
1466 5 48
1507 1 66
1538 2 59
1575 3 40
1595 8 89
1612 1 36
1639 3 70
1663 3 44
1664 2 45
1687 2 77
1721 3 80
1786 5 68
1787 4 69
1788 3 70
1789 4 69
1806 1 46
1864 5 84
1901 4 43
1902 3 38
1936 3 70
1971 8 75
2010 7 66
2050 5 48
2132 3 86
2135 4 39
2178 1 66
2190 4 37
2230 2 57
2263 3 50
2304 5 78
2320 5 74
2321 7 72
2388 1 70
2401 7 72
2437 4 39
2467 5 54
2478 2 39
2501 1 36
2515 4 57
2527 1 58
2560 1 78
2566 9 88
2577 4 57
2640 1 78
2700 6 55
2739 2 41
2741 1 72
2794 4 49
2845 2 87
2849 2 65
2886 6 77
2889 1 46
2935 8 81
2955 3 40
2984 4 43
3000 2 57
3007 3 50
3051 1 66
3099 2 69
3114 1 88
3180 1 72
3219 2 81
3246 2 95
3273 4 49
3320 1 66
3372 4 57
3386 1 42
3455 4 67
3473 4 39
3502 1 46
3552 3 80
3556 4 57
3597 4 43
3650 3 56
3692 5 68
3747 3 76
3790 6 61
3804 1 52
3839 6 67
3862 3 58
3904 1 42
3927 1 46
3992 4 63
4064 3 76
4095 7 64
4183 1 88
4204 3 34
4229 4 57
4257 1 46
4261 1 66
4279 1 36
4362 2 87
4399 2 45
4463 5 62
4539 1 78
4550 3 40
4570 5 68
4619 3 76
4644 4 69
4680 4 39
4735 5 66
4772 5 54
4799 5 62
4832 2 57
4857 4 37
4858 3 38
4892 5 54
4964 7 76
5015 3 76
5048 8 75
5068 6 61
5105 2 45
5130 3 50
5154 4 39
5188 3 56
5203 1 66
5206 3 58
5284 9 88
5316 3 34
5341 2 45
5342 2 45
5382 9 88
5413 1 42
5472 2 65
5484 1 46
5517 3 68
5518 4 67
5547 5 78
5576 2 35
5631 7 76
5673 2 45
5720 5 54
5761 1 40
5798 6 77
5803 2 69
5882 2 81
5939 2 59
5965 7 90
5966 3 94
5979 5 48
6032 3 70
6033 4 69
6049 2 39
6059 1 42
6132 4 79
6134 3 56
6184 3 58
6214 2 39
6216 3 80
6246 2 59
6258 2 95
6300 7 76
6338 4 37
6359 4 75
6399 4 69
6426 1 46
6430 4 57
6431 4 57
6467 2 81
6502 3 34
6510 4 49
6548 4 55
6549 4 55
6585 1 40
6615 4 43
6656 2 69
6662 1 42
6676 7 72
6723 3 50
6757 3 44
6800 3 80
6836 2 35
6852 2 45
6884 7 76
6914 6 73
6944 3 86
6964 1 42
6984 7 66
6985 1 36
7014 2 65
7023 1 36
7041 2 45
7061 3 34
7103 1 60
7132 5 92
7148 2 51
7173 3 34
7230 7 90
7300 7 76
7328 6 91
7390 6 83
7467 4 79
7468 8 75
7509 4 67
7552 2 81
7570 4 37
7573 2 51
7610 3 40
7658 8 81
7694 3 38
7733 5 48
7752 1 66
7787 3 50
7820 1 66
7885 4 79
7907 2 57
7908 5 54
7912 1 42
7955 1 66
7958 1 60
8000 4 49
8042 1 42
8105 9 88
8145 1 58
8149 2 69
8218 5 78
8258 2 41
8264 2 57
8302 4 39
8303 1 42
8397 5 92
8468 3 80
8492 5 62
8501 4 55
8531 2 51
8560 2 65
8638 4 85
8691 6 55
8720 4 37
8801 2 81
8856 4 55
8883 6 67
8916 1 58
8931 1 70
8963 4 63
8976 3 56
9030 2 71
9074 7 64
9084 4 85
9127 2 77
9146 4 67
9174 3 94
9204 3 44
9250 6 67
9293 2 41
9294 1 42
9360 5 66
9397 1 72
9466 1 96
9486 2 51
9510 1 42
9542 1 36
9543 3 34
9619 3 86
9646 2 51
9701 6 61
9753 2 51
9787 4 37
9812 4 39
9816 4 43
9836 6 67
9862 4 55
9912 4 57
9970 2 65
9983 1 72
10005 3 44
10038 6 61
10071 2 41
10106 3 64
10146 7 90
10157 2 59
10203 4 69
10241 1 66
10244 4 39
10277 1 72
10341 2 95
10351 6 67
10352 3 70
10362 1 40
10390 3 50
10391 2 51
10404 4 37
10405 1 40
10443 1 66
10497 3 68
10499 4 69
10500 7 66
10551 4 49
10628 7 76
10688 6 83
10720 6 67
10787 2 77
10804 1 42
10839 3 34
10840 1 36
10852 2 45
10870 1 52
10871 5 48
10878 6 77
10925 2 51
10926 1 52
11021 6 91
11043 1 58
11045 5 84
11066 1 70
11103 5 54
11135 2 87
11163 4 55
11183 2 77
11232 5 68
11245 2 51
11278 1 42
11308 3 38
11352 5 48
11391 2 39
11417 1 46
11449 2 65
11459 4 49
11494 3 40
11500 1 60
11512 4 43
11517 6 61
11581 6 83
11597 2 39
11619 2 51
11623 5 56
11624 6 55
11639 4 37
11667 1 42
11692 3 34
11722 4 37
11730 2 35
11731 2 35
11786 6 61
11808 2 59
11840 2 41
11875 8 75
11919 5 66
11927 3 40
11936 1 46
11988 3 64
12010 4 37
12053 3 76
12114 3 58
12133 7 64
12172 1 46
12205 2 87
12237 5 56
12295 1 88
12299 2 59
12339 2 39
12347 6 65
12361 3 58
12381 2 39
12423 4 57
12474 1 72
12509 3 34
12521 2 51
12528 1 78
12574 3 94
12616 2 41
12632 7 64
12639 3 56
12668 5 56
12695 2 35
12703 1 42
12726 6 61
12758 2 57
12791 6 55
12840 1 72
12846 1 70
12878 3 44
12936 1 58
13003 7 72
13029 2 35
13067 1 46
13129 4 63
13141 1 36
13142 2 35
13162 5 74
13186 1 88
13209 3 44
13264 3 64
13291 1 58
13341 6 55
13344 7 64
13365 7 82
13410 5 54
13453 2 81
13478 1 42
13513 1 36
13539 2 45
13586 5 56
13608 1 42
13667 1 66
13706 3 56
13716 2 77
13770 4 57
13775 1 46
13781 3 40
13811 2 87
13842 4 67
13847 1 36
13869 3 80
13885 1 36
13900 3 50
13914 6 65
13933 2 95
13934 1 96
13936 1 66
13940 3 38
13960 2 35
13961 1 36
13990 6 83
13991 3 86
14033 5 74
14060 4 49
14083 3 40
14170 3 86
14192 2 77
14260 3 86
14285 3 80
14295 1 36
14320 6 55
14341 1 70
14374 6 67
14406 3 64
14448 6 67
14484 2 69
14541 3 64
14565 4 57
14588 7 72
14600 3 40
14627 2 59
14638 2 39
14668 1 78
14710 3 56
14750 3 50
14784 4 79
14814 3 70
14840 2 69
14857 4 43
14884 3 86
14888 5 68
14925 3 34
14962 2 71
14985 3 76
14994 5 56
15006 4 55
15011 2 65
15016 1 52
15063 6 83
15093 1 46
