500
1 99 1
101 99 1
201 99 1
301 99 1
401 99 1
501 99 1
601 99 1
701 99 1
801 99 1
901 99 1
1001 99 1
1101 99 1
1201 99 1
1301 99 1
1401 99 1
1501 99 1
1601 99 1
1701 99 1
1801 99 1
1901 99 1
2001 99 1
2101 99 1
2201 99 1
2301 99 1
2401 99 1
2501 99 1
2601 99 1
2701 99 1
2801 99 1
2901 99 1
3001 99 1
3101 99 1
3201 99 1
3301 99 1
3401 99 1
3501 99 1
3601 99 1
3701 99 1
3801 99 1
3901 99 1
4001 99 1
4101 99 1
4201 99 1
4301 99 1
4401 99 1
4501 99 1
4601 99 1
4701 99 1
4801 99 1
4901 99 1
5001 99 1
5101 99 1
5201 99 1
5301 99 1
5401 99 1
5501 99 1
5601 99 1
5701 99 1
5801 99 1
5901 99 1
6001 99 1
6101 99 1
6201 99 1
6301 99 1
6401 99 1
6501 99 1
6601 99 1
6701 99 1
6801 99 1
6901 99 1
7001 99 1
7101 99 1
7201 99 1
7301 99 1
7401 99 1
7501 99 1
7601 99 1
7701 99 1
7801 99 1
7901 99 1
8001 99 1
8101 99 1
8201 99 1
8301 99 1
8401 99 1
8501 99 1
8601 99 1
8701 99 1
8801 99 1
8901 99 1
9001 99 1
9101 99 1
9201 99 1
9301 99 1
9401 99 1
9501 99 1
9601 99 1
9701 99 1
9801 99 1
9901 99 1
10001 99 1
10101 99 1
10201 99 1
10301 99 1
10401 99 1
10501 99 1
10601 99 1
10701 99 1
10801 99 1
10901 99 1
11001 99 1
11101 99 1
11201 99 1
11301 99 1
11401 99 1
11501 99 1
11601 99 1
11701 99 1
11801 99 1
11901 99 1
12001 99 1
12101 99 1
12201 99 1
12301 99 1
12401 99 1
12501 99 1
12601 99 1
12701 99 1
12801 99 1
12901 99 1
13001 99 1
13101 99 1
13201 99 1
13301 99 1
13401 99 1
13501 99 1
13601 99 1
13701 99 1
13801 99 1
13901 99 1
14001 99 1
14101 99 1
14201 99 1
14301 99 1
14401 99 1
14501 99 1
14601 99 1
14701 99 1
14801 99 1
14901 99 1
15001 99 1
15101 99 1
15201 99 1
15301 99 1
15401 99 1
15501 99 1
15601 99 1
15701 99 1
15801 99 1
15901 99 1
16001 99 1
16101 99 1
16201 99 1
16301 99 1
16401 99 1
16501 99 1
16601 99 1
16701 99 1
16801 99 1
16901 99 1
17001 99 1
17101 99 1
17201 99 1
17301 99 1
17401 99 1
17501 99 1
17601 99 1
17701 99 1
17801 99 1
17901 99 1
18001 99 1
18101 99 1
18201 99 1
18301 99 1
18401 99 1
18501 99 1
18601 99 1
18701 99 1
18801 99 1
18901 99 1
19001 99 1
19101 99 1
19201 99 1
19301 99 1
19401 99 1
19501 99 1
19601 99 1
19701 99 1
19801 99 1
19901 99 1
20001 99 1
20101 99 1
20201 99 1
20301 99 1
20401 99 1
20501 99 1
20601 99 1
20701 99 1
20801 99 1
20901 99 1
21001 99 1
21101 99 1
21201 99 1
21301 99 1
21401 99 1
21501 99 1
21601 99 1
21701 99 1
21801 99 1
21901 99 1
22001 99 1
22101 99 1
22201 99 1
22301 99 1
22401 99 1
22501 99 1
22601 99 1
22701 99 1
22801 99 1
22901 99 1
23001 99 1
23101 99 1
23201 99 1
23301 99 1
23401 99 1
23501 99 1
23601 99 1
23701 99 1
23801 99 1
23901 99 1
24001 99 1
24101 99 1
24201 99 1
24301 99 1
24401 99 1
24501 99 1
24601 99 1
24701 99 1
24801 99 1
24901 99 1
25001 99 1
25101 99 1
25201 99 1
25301 99 1
25401 99 1
25501 99 1
25601 99 1
25701 99 1
25801 99 1
25901 99 1
26001 99 1
26101 99 1
26201 99 1
26301 99 1
26401 99 1
26501 99 1
26601 99 1
26701 99 1
26801 99 1
26901 99 1
27001 99 1
27101 99 1
27201 99 1
27301 99 1
27401 99 1
27501 99 1
27601 99 1
27701 99 1
27801 99 1
27901 99 1
28001 99 1
28101 99 1
28201 99 1
28301 99 1
28401 99 1
28501 99 1
28601 99 1
28701 99 1
28801 99 1
28901 99 1
29001 99 1
29101 99 1
29201 99 1
29301 99 1
29401 99 1
29501 99 1
29601 99 1
29701 99 1
29801 99 1
29901 99 1
30001 99 1
30101 99 1
30201 99 1
30301 99 1
30401 99 1
30501 99 1
30601 99 1
30701 99 1
30801 99 1
30901 99 1
31001 99 1
31101 99 1
31201 99 1
31301 99 1
31401 99 1
31501 99 1
31601 99 1
31701 99 1
31801 99 1
31901 99 1
32001 99 1
32101 99 1
32201 99 1
32301 99 1
32401 99 1
32501 99 1
32601 99 1
32701 99 1
32801 99 1
32901 99 1
33001 99 1
33101 99 1
33201 99 1
33301 99 1
33401 99 1
33501 99 1
33601 99 1
33701 99 1
33801 99 1
33901 99 1
34001 99 1
34101 99 1
34201 99 1
34301 99 1
34401 99 1
34501 99 1
34601 99 1
34701 99 1
34801 99 1
34901 99 1
35001 99 1
35101 99 1
35201 99 1
35301 99 1
35401 99 1
35501 99 1
35601 99 1
35701 99 1
35801 99 1
35901 99 1
36001 99 1
36101 99 1
36201 99 1
36301 99 1
36401 99 1
36501 99 1
36601 99 1
36701 99 1
36801 99 1
36901 99 1
37001 99 1
37101 99 1
37201 99 1
37301 99 1
37401 99 1
37501 99 1
37601 99 1
37701 99 1
37801 99 1
37901 99 1
38001 99 1
38101 99 1
38201 99 1
38301 99 1
38401 99 1
38501 99 1
38601 99 1
38701 99 1
38801 99 1
38901 99 1
39001 99 1
39101 99 1
39201 99 1
39301 99 1
39401 99 1
39501 99 1
39601 99 1
39701 99 1
39801 99 1
39901 99 1
40001 99 1
40101 99 1
40201 99 1
40301 99 1
40401 99 1
40501 99 1
40601 99 1
40701 99 1
40801 99 1
40901 99 1
41001 99 1
41101 99 1
41201 99 1
41301 99 1
41401 99 1
41501 99 1
41601 99 1
41701 99 1
41801 99 1
41901 99 1
42001 99 1
42101 99 1
42201 99 1
42301 99 1
42401 99 1
42501 99 1
42601 99 1
42701 99 1
42801 99 1
42901 99 1
43001 99 1
43101 99 1
43201 99 1
43301 99 1
43401 99 1
43501 99 1
43601 99 1
43701 99 1
43801 99 1
43901 99 1
44001 99 1
44101 99 1
44201 99 1
44301 99 1
44401 99 1
44501 99 1
44601 99 1
44701 99 1
44801 99 1
44901 99 1
45001 99 1
45101 99 1
45201 99 1
45301 99 1
45401 99 1
45501 99 1
45601 99 1
45701 99 1
45801 99 1
45901 99 1
46001 99 1
46101 99 1
46201 99 1
46301 99 1
46401 99 1
46501 99 1
46601 99 1
46701 99 1
46801 99 1
46901 99 1
47001 99 1
47101 99 1
47201 99 1
47301 99 1
47401 99 1
47501 99 1
47601 99 1
47701 99 1
47801 99 1
47901 99 1
48001 99 1
48101 99 1
48201 99 1
48301 99 1
48401 99 1
48501 99 1
48601 99 1
48701 99 1
48801 99 1
48901 99 1
49001 99 1
49101 99 1
49201 99 1
49301 99 1
49401 99 1
49501 99 1
49601 99 1
49701 99 1
49801 99 1
49901 99 1
