500
66 1 80
98 1 78
226 1 96
308 1 82
1484 1 80
1617 1 82
1682 1 78
1750 1 96
1797 1 78
1806 1 96
2274 1 80
2292 1 80
2297 1 96
2549 1 96
2622 1 96
2727 1 82
2916 1 96
2994 1 96
3392 1 88
3779 1 96
3832 1 78
3944 1 96
4216 1 80
4301 1 88
4779 1 82
5291 1 82
5433 1 78
5478 1 78
5599 1 78
6349 1 80
6484 1 88
6680 1 80
7276 1 96
7287 1 82
7317 1 88
7518 1 88
7860 1 96
8011 1 82
8122 1 80
8436 1 80
8838 1 88
8919 1 96
8966 1 80
9207 1 96
9350 1 80
9826 1 88
9995 1 82
10234 1 82
10248 1 82
10311 1 82
10836 1 88
11583 1 78
11679 1 96
12019 1 80
12414 1 96
12879 1 80
12999 1 82
13267 1 96
13974 1 78
14036 1 88
14365 1 96
14519 1 82
14655 1 78
14662 1 88
14694 1 80
14896 1 78
14992 1 80
15035 1 96
15392 1 82
15400 1 96
15501 1 88
15834 1 96
15922 1 96
16232 1 78
16339 1 96
16425 1 88
16792 1 78
16870 1 80
17162 1 82
17392 1 88
17551 1 96
17591 1 80
17719 1 82
17722 1 80
17905 1 78
18045 1 88
18256 1 88
18341 1 96
18569 1 82
19039 1 96
19294 1 88
19334 1 96
19339 1 78
19590 1 82
19599 1 80
19844 1 82
20206 1 78
20262 1 88
20319 1 96
20492 1 88
21197 1 82
21591 1 78
21664 1 88
21861 1 96
21888 1 82
22052 1 88
22220 1 78
22303 1 96
22812 1 80
22891 1 78
23387 1 78
23595 1 96
23743 1 78
24663 1 80
25525 1 78
26073 1 82
26280 1 88
26833 1 78
26852 1 88
27191 1 88
27491 1 80
27981 1 88
28151 1 88
28357 1 96
28471 1 82
28477 1 88
28881 1 96
28935 1 78
29041 1 80
29187 1 78
29402 1 78
29441 1 78
30401 1 96
30710 1 82
31370 1 78
31776 1 78
31845 1 78
32012 1 82
32038 1 82
32578 1 88
32740 1 78
32790 1 88
33089 1 88
33188 1 96
33506 1 82
33686 1 96
33773 1 82
34261 1 96
34456 1 82
34469 1 80
34472 1 82
35580 1 96
35694 1 82
35788 1 88
36509 1 80
36869 1 82
37057 1 78
37520 1 96
37599 1 82
37983 1 80
38448 1 88
38719 1 96
38929 1 88
39016 1 96
39050 1 78
39059 1 80
39407 1 88
39794 1 82
39836 1 78
39868 1 82
40132 1 88
40166 1 78
40266 1 78
40286 1 88
40322 1 82
40491 1 96
40494 1 82
40509 1 80
40624 1 88
40746 1 88
40748 1 96
40780 1 78
41114 1 78
41771 1 96
42074 1 88
42190 1 80
42448 1 78
42603 1 96
42869 1 82
42988 1 78
42997 1 82
43116 1 78
43415 1 82
44141 1 78
44270 1 80
44332 1 82
44749 1 96
44903 1 78
45174 1 82
45187 1 96
45311 1 78
45358 1 88
45387 1 88
45563 1 78
45664 1 78
45673 1 82
45719 1 82
45789 1 88
46069 1 78
46426 1 88
46720 1 82
46773 1 88
48539 1 96
49131 1 80
49391 1 78
49490 1 78
49527 1 78
49966 1 88
50581 1 78
50737 1 96
50740 1 78
50908 1 80
51221 1 88
51340 1 96
51390 1 82
51943 1 78
52021 1 78
52026 1 96
52222 1 78
52359 1 88
52861 1 82
53215 1 80
53220 1 88
53419 1 88
53936 1 88
54063 1 88
54229 1 96
54451 1 80
54519 1 88
54570 1 88
54612 1 82
54613 1 80
54619 1 80
54673 1 78
55062 1 82
55454 1 78
55547 1 88
55791 1 82
56116 1 80
56138 1 82
56166 1 88
56180 1 78
56392 1 96
56534 1 80
56543 1 88
56627 1 78
56877 1 80
56949 1 78
57062 1 82
57205 1 78
57260 1 82
57279 1 78
57292 1 80
57409 1 80
57681 1 80
57881 1 80
57928 1 80
58085 1 82
58247 1 82
58762 1 82
58862 1 82
58900 1 80
59064 1 78
59256 1 80
59418 1 80
59632 1 80
59786 1 88
59823 1 80
60040 1 96
60517 1 88
60650 1 80
60674 1 78
60897 1 88
61139 1 88
61189 1 78
61451 1 80
61559 1 82
62118 1 96
62222 1 82
62365 1 88
62449 1 88
62782 1 78
62918 1 88
62952 1 88
62954 1 96
62987 1 96
63036 1 78
63678 1 78
63907 1 80
64024 1 78
64175 1 78
64194 1 80
64355 1 96
64514 1 78
64728 1 82
64829 1 82
65019 1 78
65131 1 88
65673 1 80
65678 1 96
65726 1 78
65956 1 96
66092 1 82
66232 1 96
66255 1 82
66358 1 80
66359 1 88
66772 1 82
67140 1 78
67302 1 80
67464 1 78
67591 1 78
67804 1 88
67875 1 88
68075 1 80
68154 1 78
68157 1 82
68205 1 88
68234 1 88
68353 1 82
68447 1 78
68675 1 80
69111 1 82
69141 1 88
69529 1 80
69551 1 88
70012 1 82
71432 1 80
71466 1 80
71854 1 88
71919 1 78
72499 1 96
72599 1 96
72769 1 80
72964 1 96
72998 1 80
73123 1 80
73455 1 88
73543 1 88
73666 1 96
73774 1 78
73937 1 82
74092 1 80
74517 1 88
74602 1 80
74648 1 88
74977 1 80
75028 1 96
75234 1 96
75557 1 78
75950 1 78
76109 1 80
76311 1 82
76650 1 80
76911 1 80
77230 1 82
77258 1 96
77315 1 82
77627 1 96
77722 1 88
77774 1 88
77989 1 80
78025 1 82
78031 1 82
78053 1 78
78354 1 96
78408 1 80
78561 1 96
78954 1 82
79053 1 96
79230 1 78
79241 1 88
79382 1 78
80459 1 88
80708 1 78
80724 1 96
80733 1 80
80808 1 96
80875 1 80
81026 1 88
81740 1 80
81747 1 96
81878 1 80
82226 1 80
82333 1 88
82357 1 80
82517 1 80
82601 1 78
82634 1 78
82647 1 78
82733 1 82
83029 1 82
83031 1 88
83062 1 88
83140 1 82
83201 1 88
83253 1 78
83396 1 82
83409 1 88
83919 1 78
84069 1 80
84331 1 82
84675 1 80
84744 1 80
84808 1 96
84977 1 96
85249 1 88
85421 1 96
85464 1 96
85684 1 88
86284 1 82
86302 1 88
86413 1 80
86779 1 80
86958 1 82
87124 1 82
87245 1 82
87474 1 82
87665 1 96
87819 1 96
88229 1 78
88250 1 78
88303 1 96
88454 1 96
88734 1 78
89054 1 78
89141 1 88
89161 1 78
89218 1 78
89427 1 82
89520 1 96
89750 1 80
89853 1 80
89900 1 82
89977 1 88
90152 1 80
90225 1 80
90242 1 96
90505 1 78
90734 1 88
90764 1 82
90787 1 78
91273 1 88
91292 1 80
91518 1 80
91532 1 88
91582 1 78
91600 1 78
92283 1 80
92310 1 78
92347 1 78
92383 1 82
92717 1 88
92769 1 80
93062 1 82
93139 1 80
93249 1 80
93497 1 82
93658 1 96
93706 1 82
93707 1 88
93820 1 82
94061 1 78
94260 1 88
94535 1 96
95164 1 88
95329 1 82
95977 1 78
96063 1 82
96313 1 80
96353 1 82
97030 1 78
97336 1 96
97368 1 88
97501 1 96
97644 1 80
97955 1 82
97966 1 82
98160 1 88
98199 1 96
98392 1 88
98515 1 88
98888 1 80
99026 1 82
99216 1 80
99320 1 82
99447 1 88
99470 1 78
99612 1 88
99845 1 78
