0.010309278351
0.016774419011
0.010134544819
0.011599780215
0.011190376207
0.011463312212
0.009773981991
0.009773981991
0.009986459861
0.011379669182
0.011379669182
0.009321643904
0.014211686608
0.010401252842
0.010401252842
0.010270354207
0.010828131087
0.008909892368
0.010414159911
0.010414159911
0.008732914441
0.010877874350
0.008187647360
0.011242739659
0.008244675750
0.010051727969
0.009046555172
0.009153030852
0.007668748128
0.009692445550
0.011469393901
0.011667142072
0.007150829012
0.006647262838
0.007062716766
0.009202375564
0.008943153717
0.008346943469
0.008429601677
0.008829626305
0.008577351268
0.005841164205
0.008492696714
0.006400152042
0.008653079159
0.007248657048
0.006096421501
0.008447770259
0.008447770259
0.007826610681
0.005891942872
0.008787982589
0.005792079434
0.007065732563
0.007306546738
0.007306546738
0.005978696784
0.005233553713
0.005414021083
0.008168523037
0.007886849829
0.004989692934
0.007056519798
0.004861158083
0.007725769097
0.004774351689
0.005894094701
0.006276497787
0.005513139948
0.004573400184
0.004773058761
0.004976110851
0.005793084275
0.004723685659
0.005201115567
0.004296573729
0.004280490549
0.004280490549
0.005173084929
0.004025068095
0.003815152172
0.004294272211
0.003933949755
0.003753169478
0.003982934636
0.004238250959
0.003794713068
0.003794713068
0.004139686983
0.003456833009
0.003278906635
0.003237274011
0.004913599953
0.002955455647
0.002916383689
0.004520888581
0.005076085425
0.003893983339
0.002815866263
0.003304177788
0.003111405280
0.004236489861
0.004236489861
0.004775679480
0.004159462773
0.003338516173
0.003338516173
0.004050003226
0.002641082731
0.003940313292
0.002930881683
0.003537695695
0.003537695695
0.002763631531
0.003727481549
0.003727481549
0.001875508911
0.002615458373
0.003307858790
0.002348637491
0.002616985909
0.003051001354
0.003180610778
0.002738859281
0.002738859281
0.002406391750
0.002558294026
0.002558294026
0.003175813273
0.003232524225
0.001929180302
0.002349819999
0.002090479904
0.002380824336
0.002380824336
0.002117707963
0.002257022556
0.001849976326
0.002291899952
0.001905314418
0.002519931972
0.001942852075
0.001850890222
0.001497739587
0.002120348120
0.002438400338
0.002438400338
0.001287324914
0.001730122157
0.001592385140
0.001560542248
0.001364747612
0.001940465182
0.001912342498
0.001330235189
0.001892780216
0.001170922195
0.001708652363
0.001822598528
0.001822598528
0.001427105358
0.002085340307
0.001654465229
0.001101309496
0.001237478463
0.001072005076
0.002068774054
0.002068774054
0.001605615684
0.001827079916
0.001301794440
0.001301794440
0.001238292272
0.001644289739
0.000969172590
0.001480124420
0.001197646889
0.001439552128
0.001799440160
0.000842161630
0.001398912100
0.001598756686
0.001373931527
0.001068613410
0.001554346778
0.001526085927
0.001373477335
0.001038912343
0.001230711545
0.001230711545
0.001230711545
0.000990962542
0.000941414415
0.001180503791
0.000873823025
0.001268726526
0.000924641844
0.001298593400
0.001166533055
0.000892137171
0.001076883548
0.001076883548
0.001153803802
0.001094124295
0.001094124295
0.000584787197
0.000966049953
0.000799209169
0.000845474820
0.000845474820
0.000953832742
0.001103453565
0.001003139604
0.000712757087
0.000954585385
0.000591691207
0.000834877800
0.000945844947
0.000928329300
0.000928329300
0.000590637420
0.000390570780
0.000546654597
0.000413880180
0.000874176993
0.000539160801
0.000863808516
0.000710552167
0.000849876121
0.000537896279
0.000839118195
0.000674045763
0.000825362159
0.000825362159
0.000705309481
0.000377282546
0.000725181336
0.000725181336
0.000464859831
0.000500980481
0.000473784787
0.000696388834
0.000682461057
0.000434293400
0.000544724662
0.000432820983
0.000533812546
0.000368406109
0.000334111706
0.000628416783
0.000558592696
0.000361676345
0.000551768614
0.000377525894
0.000407165122
0.000372097026
0.000585854892
0.000456768221
0.000358007524
0.000353169585
0.000353169585
0.000348331645
0.000425082686
0.000258254526
0.000284752030
0.000502328942
0.000237428443
0.000497277273
0.000317704924
0.000313292356
0.000427764563
0.000445224341
0.000202423499
0.000399402733
0.000324627293
0.000444441627
0.000249739244
0.000438891866
0.000332952450
0.000173851893
0.000427373586
0.000211308614
0.000255855712
0.000252252111
0.000252252111
0.000282212799
0.000300406716
0.000329858355
0.000284360651
0.000376943189
0.000224517745
0.000222958517
0.000222958517
0.000291561137
0.000323252565
0.000259756526
0.000317480198
0.000291023515
0.000291023515
0.000194015677
0.000231457298
0.000211658170
0.000303570251
0.000226297823
0.000226297823
0.000272586015
0.000120931096
0.000227456226
0.000264483984
0.000167030216
0.000206439568
0.000135689626
0.000258516291
0.000206813032
0.000081403427
0.000201048703
0.000144873330
0.000211011155
0.000139639735
0.000139639735
0.000188086174
0.000111556594
0.000222914493
0.000155244022
0.000127439123
0.000200261479
0.000124404858
0.000086008267
0.000195129451
0.000120079662
0.000116440885
0.000126745194
0.000165375829
0.000139933394
0.000129756420
0.000129756420
0.000134844907
0.000105347583
0.000113034777
0.000123091754
0.000128015424
0.000130682412
0.000094493437
0.000069100941
0.000149461975
0.000091078391
0.000122083801
0.000114609282
0.000059476919
0.000090031184
0.000057911737
0.000053981226
0.000089121933
0.000105116787
0.000087303118
0.000056143237
0.000125696395
0.000099509646
0.000065444027
0.000056556464
0.000052116331
0.000095805033
0.000051900563
0.000055030978
0.000093480434
0.000107862040
0.000046626024
0.000048614114
0.000063547895
0.000075768644
0.000084004366
0.000074121499
0.000077209895
0.000080641446
0.000080641446
0.000069351644
0.000079028617
0.000079028617
0.000038673354
0.000040520925
0.000077097049
0.000049740032
0.000079845840
0.000046893589
0.000047662336
0.000077290275
0.000059201062
0.000060516641
0.000070071900
0.000064816507
0.000036973588
0.000063868467
0.000027218800
0.000030485056
0.000041192052
0.000032848141
0.000063757158
0.000026507766
0.000036749879
0.000061949797
0.000025321228
0.000035270709
0.000046493208
0.000028670313
0.000033974787
0.000031234884
0.000033426806
0.000038202064
0.000032744626
0.000029523844
0.000032207829
0.000018978601
0.000050595417
0.000037946563
0.000020087830
0.000020994627
0.000023815150
0.000028866849
0.000020216773
0.000031619187
0.000034560507
0.000026880394
0.000026880394
0.000023296342
0.000029244344
0.000025869996
0.000014495212
0.000015605129
0.000019066634
0.000022127724
0.000027132068
0.000022302647
0.000027875358
0.000019843475
0.000025020034
0.000013015041
0.000011933118
0.000021587321
0.000025699192
0.000023414819
0.000031219759
0.000024366641
0.000019493313
0.000022742198
0.000012558251
0.000017324289
0.000023751252
0.000023751252
0.000021376127
0.000018947022
0.000010685534
0.000013862697
0.000009172468
0.000013701776
0.000010244864
0.000023657956
0.000014967278
0.000017522667
0.000011057007
0.000008899408
0.000014186464
0.000016669095
0.000007777069
0.000017842157
0.000011151348
0.000014263352
0.000010470585
0.000006719783
0.000014919755
0.000007613526
0.000013317551
0.000010016880
0.000011911171
0.000012782721
0.000014608824
0.000012735897
0.000006169347
0.000010858972
0.000008489742
0.000006240229
0.000009621400
0.000007870187
0.000010109633
0.000011173805
0.000005290135
0.000008872623
0.000007393852
0.000004974964
0.000006008481
0.000007186618
0.000009834319
0.000006997496
0.000005111370
0.000004396091
0.000004763047
0.000003438158
0.000006650267
0.000006650267
0.000005853198
0.000008648916
0.000311360986
