0.015625000000
0.011859939759
0.011859939759
0.009903661036
0.015091293007
0.009746460067
0.013041038118
0.009609185982
0.014568765843
0.009454199111
0.013122992796
0.010692808945
0.012220353080
0.010540054531
0.010540054531
0.013477446778
0.009085919176
0.008597428898
0.013182724310
0.009602231287
0.011133021782
0.012410581659
0.009546601276
0.009304915168
0.007888949816
0.007888949816
0.009102634403
0.011681714151
0.010135604925
0.009302541507
0.008698480370
0.007512323956
0.009902608851
0.010909653819
0.008325788441
0.010766105742
0.008182240364
0.007863451778
0.007863451778
0.006552876482
0.010231684332
0.007957976702
0.007957976702
0.009441667274
0.007301556025
0.006753939323
0.007210286575
0.008097706461
0.008935400233
0.005854227739
0.007866618524
0.007396969657
0.007396969657
0.006868614681
0.007291298662
0.007291298662
0.008202710995
0.005710748161
0.007070450104
0.005097301238
0.005097301238
0.000000000000
0.005097301238
0.005795561681
0.006623499064
0.005951549884
0.004875968579
0.000000000000
0.000000000000
0.006448861670
0.004797323925
0.005251124837
0.005251124837
0.006874199786
0.004170862792
0.004705588791
0.006356672577
0.005741510714
0.005150472847
0.004792801121
0.000000000000
0.006301645919
0.004638711579
0.004915649584
0.005793444152
0.004138174395
0.005933985924
0.004675261637
0.004981836171
0.005748272505
0.003619282688
0.004078065001
0.003568306876
0.004621249888
0.005436764574
0.000000000000
0.004530637145
0.003383640400
0.003383640400
0.004008312474
0.004664218151
0.004268945426
0.003257879404
0.003490585076
0.003211338270
0.003713109875
0.003713109875
0.003836880204
0.004527518640
0.003578200216
0.000000000000
0.003763279537
0.002898742346
0.002980397060
0.003023591221
0.003607091281
0.002970545761
0.002261665522
0.002695409595
0.003465526622
0.002647277281
0.002685095528
0.003781052886
0.003781052886
0.000000000000
0.002042637766
0.000000000000
0.002281387635
0.002842384594
0.003100783194
0.003562601967
0.002156311717
0.002156311717
0.002954945686
0.002116380018
0.000000000000
0.002618571887
0.002201118398
0.000000000000
0.001740419198
0.000000000000
0.000000000000
0.002026515505
0.002026515505
0.000000000000
0.000000000000
0.002714766054
0.002714766054
0.000000000000
0.002714766054
0.002340315564
0.001961735105
0.001961735105
0.002814663411
0.000000000000
0.000000000000
0.001783941599
0.001892059271
0.002277478753
0.001857021137
0.001398227679
0.001957518751
0.000000000000
0.000000000000
0.001374923885
0.002002082148
0.001900281361
0.001645019685
0.001871918952
0.001285534702
0.000000000000
0.002342529902
0.002061426314
0.001905846969
0.001548500662
0.001374021715
0.000000000000
0.001849644616
0.001684497775
0.001129846069
0.001452659231
0.001286641033
0.000000000000
0.001431906956
0.001265888759
0.001229720508
0.001928425343
0.000000000000
0.001507677995
0.001893363064
0.001169430128
0.001599016705
0.000000000000
0.001599016705
0.001473603630
0.001567663436
0.001567663436
0.001306386197
0.000000000000
0.001648534963
0.000979564253
0.000000000000
0.001480230427
0.001588539971
0.001114764892
0.001023390720
0.001395532800
0.001071569829
0.000866710891
0.000866710891
0.001040053069
0.000000000000
0.000838251727
0.000000000000
0.000000000000
0.001024529889
0.000000000000
0.000822728547
0.000660214266
0.001056342826
0.000000000000
0.000862679975
0.000771183614
0.000759499013
0.000931461054
0.000745168843
0.000808318745
0.000000000000
0.000956785454
0.000791822444
0.001128346983
0.000846260237
0.001106648003
0.000824561257
0.000000000000
0.000634277890
0.000000000000
0.000624519769
0.000624519769
0.000491809318
0.000607077127
0.000484124797
0.000484124797
0.000484124797
0.000000000000
0.000968249594
0.000628512895
0.000628512895
0.000548701733
0.000539992182
0.000000000000
0.000440519938
0.000532887022
0.000532887022
0.000000000000
0.000581331297
0.000506320807
0.000582746589
0.000561163382
0.000571954985
0.000788370385
0.000000000000
0.000473022231
0.000547221797
0.000000000000
0.000427517029
0.000538671456
0.000498017007
0.000539518424
0.000507147318
0.000507147318
0.000000000000
0.000412594429
0.000379848839
0.000480625062
0.000372096822
0.000472873044
0.000000000000
0.000427404482
0.000463779332
0.000463779332
0.000000000000
0.000359828792
0.000000000000
0.000359828792
0.000559733677
0.000408139139
0.000314467861
0.000314467861
0.000394757528
0.000518824180
0.000518824180
0.000398167394
0.000000000000
0.000371622901
0.000218018768
0.000350725845
0.000000000000
0.000350725845
0.000467634460
0.000000000000
0.000253632249
0.000312992989
0.000282307402
0.000282307402
0.000186933279
0.000310139304
0.000416749690
0.000000000000
0.000230700721
0.000000000000
0.000230700721
0.000000000000
0.000000000000
0.000000000000
0.000000000000
0.000000000000
0.000214790327
0.000284722061
0.000244047481
0.000192037362
0.000157838928
0.000199375488
0.000000000000
0.000000000000
0.000232604736
0.000237661360
0.000254637172
0.000000000000
0.000193335630
0.000000000000
0.000218016775
0.000323508763
0.000161754381
0.000212077967
0.000222176917
0.000162665243
0.000168803554
0.000121913678
0.000000000000
0.000211118808
0.000000000000
0.000191926189
0.000116236988
0.000000000000
0.000147937985
0.000000000000
0.000000000000
0.000266288372
0.000188350312
0.000139518750
0.000000000000
0.000000000000
0.000000000000
0.000139518750
0.000000000000
0.000181374375
0.000243917262
0.000148471377
0.000128484846
0.000000000000
0.000145616158
0.000000000000
0.000000000000
0.000149002581
0.000142229736
0.000103658960
0.000117886661
0.000210511894
0.000000000000
0.000000000000
0.000145739003
0.000000000000
0.000128792608
0.000000000000
0.000000000000
0.000142349724
0.000000000000
0.000195071844
0.000137077512
0.000000000000
0.000189799632
0.000000000000
0.000000000000
0.000000000000
0.000094899816
0.000000000000
0.000110716452
0.000078265078
0.000000000000
0.000078265078
0.000000000000
0.000121745677
0.000000000000
0.000103929237
0.000000000000
0.000166286779
0.000000000000
0.000081446586
0.000097735903
0.000000000000
0.000068066075
0.000053480488
0.000076878201
0.000052366311
0.000000000000
0.000000000000
0.000075764024
0.000000000000
0.000000000000
0.000000000000
0.000082979645
0.000000000000
0.000000000000
0.000087235012
0.000063748662
0.000000000000
0.000070677865
0.000132520997
0.000000000000
0.000076199573
0.000000000000
0.000076199573
0.000064346306
0.000051477045
0.000000000000
0.000000000000
0.000000000000
0.000079421726
0.000050006272
0.000000000000
0.000115231845
0.000066713173
0.000112199428
0.000000000000
0.000053549727
0.000052332688
0.000000000000
0.000033092729
0.000000000000
0.000043474762
0.000000000000
0.000050552048
0.000000000000
0.000042463721
0.000000000000
0.000000000000
0.000000000000
0.000000000000
0.000039258911
0.000000000000
0.000000000000
0.000060043041
0.000000000000
0.000000000000
0.000000000000
0.000000000000
0.000048327326
0.000048327326
0.000048327326
0.000000000000
0.000027409528
0.000000000000
0.000054819056
0.000026578936
0.000035257773
0.000040294597
0.000051627453
0.000024622324
0.000024622324
0.000000000000
0.000040821221
0.000000000000
0.000000000000
0.000039746978
0.000047439942
0.000000000000
0.000047439942
0.000033555081
0.000000000000
0.000036275763
0.000027206822
0.000000000000
0.000034560017
0.000059245744
0.000032914302
0.000000000000
0.000000000000
0.000000000000
0.000000000000
0.000000000000
0.000000000000
0.000000000000
0.000022153857
0.000032281335
0.000027439135
0.000031474301
0.000000000000
0.000000000000
0.000000000000
0.001038651949
