500
66 1 8
110 1 26
278 1 17
301 1 9
562 1 8
854 1 20
973 1 14
1021 1 8
1221 1 2
1305 1 3
1910 1 17
2292 1 2
2380 1 7
2467 1 48
2806 1 11
3195 1 48
3200 1 13
3612 1 11
3892 1 8
3984 1 1
4143 1 19
4409 1 48
4446 1 0
4541 1 9
4643 1 11
4704 1 8
4744 1 17
5013 1 48
5035 1 2
5071 1 26
5343 1 3
5398 1 14
5399 1 34
5879 1 9
5933 1 20
5953 1 0
6115 1 20
6441 1 9
6577 1 48
6689 1 8
6975 1 5
7067 1 3
7073 1 24
7104 1 1
7288 1 19
7774 1 34
7894 1 1
8156 1 13
8265 1 4
8270 1 19
8316 1 11
8334 1 4
8412 1 7
8464 1 14
8773 1 8
8839 1 19
9084 1 1
9354 1 13
9420 1 48
9476 1 15
9596 1 7
9598 1 5
9898 1 11
9973 1 6
10012 1 2
10577 1 13
10715 1 19
10971 1 11
11100 1 26
11748 1 7
11852 1 19
11934 1 34
12654 1 0
12720 1 17
12948 1 9
13065 1 6
13121 1 7
13168 1 15
13202 1 7
13469 1 3
13524 1 4
13609 1 26
13745 1 2
13790 1 34
14147 1 3
14651 1 17
14686 1 9
14752 1 20
14946 1 14
15131 1 19
15139 1 48
15147 1 17
15549 1 15
15718 1 24
15791 1 1
15913 1 9
16190 1 20
16211 1 20
16221 1 5
16252 1 6
16749 1 15
16813 1 19
16820 1 11
16895 1 0
17092 1 26
17713 1 13
18094 1 7
18278 1 3
18310 1 1
18318 1 9
18365 1 17
18378 1 15
18678 1 1
18857 1 24
19376 1 14
19629 1 8
19705 1 5
20303 1 0
20599 1 6
20786 1 15
21143 1 0
21144 1 14
21252 1 20
21460 1 4
21595 1 19
21645 1 11
21797 1 3
21902 1 15
21995 1 4
22178 1 24
22472 1 26
22503 1 0
22786 1 26
22864 1 26
23060 1 20
23081 1 19
23381 1 11
23634 1 19
24011 1 8
24027 1 9
24164 1 6
24196 1 34
24298 1 24
24364 1 7
24370 1 3
25197 1 5
25347 1 34
25474 1 48
25511 1 5
25782 1 8
25963 1 24
26367 1 4
26368 1 13
26656 1 7
26706 1 1
27301 1 14
27612 1 4
27671 1 17
27743 1 13
27877 1 0
28159 1 17
28252 1 19
28694 1 20
28898 1 17
29494 1 5
29552 1 14
29677 1 3
30320 1 9
30772 1 11
31100 1 15
31114 1 26
31295 1 19
31375 1 20
31792 1 13
32810 1 8
32854 1 14
33331 1 11
33400 1 3
33547 1 26
33682 1 17
33967 1 1
34353 1 48
34426 1 6
34444 1 14
34821 1 2
35180 1 11
35244 1 5
35258 1 9
35586 1 2
35617 1 7
35918 1 0
35991 1 1
36011 1 19
36135 1 14
36168 1 19
36423 1 8
36616 1 5
36690 1 5
36858 1 26
37005 1 24
37095 1 15
37143 1 14
37380 1 3
37497 1 4
37544 1 13
37693 1 2
37698 1 48
37813 1 48
37949 1 15
38317 1 11
38710 1 8
39259 1 24
39268 1 34
39372 1 13
39707 1 48
39779 1 11
40564 1 11
40590 1 1
41094 1 14
41572 1 34
41684 1 3
41769 1 2
42147 1 24
42176 1 0
42350 1 4
42841 1 26
42848 1 0
42927 1 17
43145 1 8
43149 1 9
43374 1 2
43774 1 34
43786 1 11
44098 1 15
44434 1 17
44492 1 13
44552 1 20
45115 1 11
45362 1 8
45654 1 0
45692 1 1
46051 1 6
46195 1 7
46337 1 20
46370 1 6
46828 1 34
46968 1 4
47045 1 13
47751 1 34
47899 1 15
48685 1 15
48728 1 1
49078 1 11
49232 1 0
49300 1 11
49339 1 8
49803 1 19
50109 1 24
50314 1 15
50338 1 4
50649 1 6
50853 1 26
51044 1 14
51215 1 24
51392 1 20
52067 1 0
52226 1 4
52402 1 20
52491 1 0
52994 1 24
53089 1 8
53381 1 3
53498 1 7
53666 1 24
53724 1 34
53727 1 48
54085 1 14
54102 1 9
54277 1 1
54568 1 0
54674 1 17
54717 1 9
54749 1 48
54796 1 17
55024 1 8
55074 1 1
55075 1 0
55120 1 15
55602 1 34
55649 1 6
55719 1 1
56149 1 1
56555 1 24
56590 1 48
56709 1 4
56749 1 5
56940 1 20
57028 1 13
57761 1 2
57898 1 14
58106 1 34
58189 1 14
58855 1 20
58989 1 9
59342 1 11
59360 1 0
59407 1 20
59584 1 19
59822 1 9
60009 1 13
60079 1 6
60245 1 2
60388 1 13
60466 1 13
60812 1 15
61078 1 3
61505 1 14
61538 1 20
61764 1 13
61770 1 13
61988 1 13
62205 1 11
62528 1 15
62687 1 2
62731 1 13
63063 1 17
63289 1 15
63372 1 20
63624 1 1
64413 1 0
64723 1 20
65455 1 9
65468 1 7
65603 1 24
66222 1 13
66249 1 26
66609 1 0
67104 1 14
67677 1 2
67834 1 34
67918 1 2
68022 1 26
68198 1 20
68219 1 7
68270 1 24
68486 1 15
68579 1 14
68640 1 24
69003 1 3
69027 1 0
69543 1 48
69546 1 13
69588 1 0
69864 1 34
69873 1 26
69984 1 7
70043 1 2
70246 1 1
70270 1 9
70398 1 7
70419 1 6
70830 1 48
71370 1 9
71666 1 9
71694 1 17
71709 1 17
71713 1 2
71786 1 6
71948 1 14
72279 1 20
72536 1 2
72556 1 17
72838 1 24
73062 1 13
73723 1 5
73991 1 14
74188 1 14
74230 1 34
74908 1 9
74931 1 3
74963 1 2
75100 1 34
75315 1 7
75400 1 14
75424 1 9
75997 1 24
76032 1 26
76307 1 34
76431 1 5
76499 1 19
76566 1 5
77281 1 2
77287 1 24
77685 1 7
77891 1 6
78368 1 11
78516 1 24
78568 1 6
78928 1 20
79305 1 2
79389 1 24
79527 1 2
79734 1 24
79780 1 7
80146 1 24
80371 1 17
80478 1 0
80830 1 19
81094 1 1
81246 1 8
81758 1 34
82067 1 26
82118 1 8
82425 1 34
82466 1 9
82488 1 4
82818 1 2
82845 1 24
82875 1 9
83869 1 3
84124 1 3
84144 1 13
84215 1 6
84453 1 19
84807 1 20
84981 1 0
85016 1 1
85049 1 11
85602 1 34
85721 1 24
86061 1 3
86071 1 17
87136 1 19
87193 1 5
87582 1 2
87829 1 8
87851 1 8
88131 1 34
88207 1 34
88231 1 20
88347 1 7
88475 1 11
88949 1 1
89093 1 7
89100 1 13
89191 1 17
89504 1 34
89885 1 1
89922 1 14
90170 1 48
90286 1 14
90310 1 24
90742 1 26
90986 1 2
90987 1 24
91039 1 1
91353 1 3
91401 1 1
91898 1 26
92114 1 19
92353 1 4
92752 1 24
92987 1 20
93031 1 1
93076 1 13
93095 1 4
93217 1 0
93711 1 1
93769 1 9
94141 1 6
94243 1 0
94261 1 48
94703 1 5
95038 1 17
95326 1 48
95349 1 1
95496 1 11
95542 1 20
95587 1 13
95642 1 6
95740 1 6
95744 1 24
95769 1 2
95985 1 13
96145 1 9
96319 1 14
96376 1 14
96662 1 26
96768 1 8
96984 1 2
97083 1 5
97970 1 48
98203 1 20
98629 1 8
98633 1 19
98973 1 48
99049 1 20
99242 1 11
99603 1 2
99646 1 9
