0.015625000000
0.012152777778
0.038888888889
0.019047619048
0.009572055773
0.009849705153
0.008780661658
0.009812104752
0.008425684490
0.008683922680
0.010225866964
0.008751914565
0.010635237953
0.011363678908
0.010489549761
0.008413493038
0.009629901670
0.009629901670
0.008210758266
0.009528534284
0.009899775879
0.008453741200
0.009299115320
0.008348069435
0.009556342643
0.009954523586
0.009423615662
0.009423615662
0.000000000000
0.007318339822
0.008615260804
0.007724026927
0.008516234817
0.007625000941
0.008878425753
0.008301904601
0.008886545770
0.007318331810
0.007318331810
0.008436410281
0.008556930428
0.007768792099
0.008206470527
0.006176913300
0.008235884400
0.006087392818
0.007913610663
0.007280521810
0.006491067638
0.007714022410
0.007088561134
0.007609778864
0.005602804219
0.005602804219
0.006081092384
0.007351768404
0.005990329811
0.006564744998
0.006950906468
0.006468204630
0.005160028413
0.006777350751
0.005591314370
0.006221321623
0.006221321623
0.006221321623
0.004807384890
0.006337007355
0.005213993394
0.005980757128
0.000000000000
0.005980757128
0.005980757128
0.004468381762
0.004468381762
0.005843268458
0.004399637428
0.005685685291
0.000000000000
0.005685685291
0.004592284274
0.005612791890
0.004142774966
0.005209853367
0.004080005649
0.005227507237
0.005227507237
0.005227507237
0.000000000000
0.005227507237
0.000000000000
0.004825391296
0.004825391296
0.004903220188
0.003647517457
0.003836998883
0.000000000000
0.003836998883
0.003552776744
0.004511462532
0.004511462532
0.003669322859
0.000000000000
0.004525498193
0.003608167478
0.004317970916
0.004317970916
0.000000000000
0.004317970916
0.000000000000
0.000000000000
0.004317970916
0.004034825283
0.000000000000
0.000000000000
0.000000000000
0.004034825283
0.003261023174
0.004119187167
0.003203812241
0.003855435069
0.000000000000
0.003149510338
0.002755821546
0.003753619002
0.003753619002
0.003753619002
0.003686590092
0.002566613355
0.003639924394
0.003639924394
0.003269762591
0.002431361927
0.002431361927
0.003486481254
0.000000000000
0.003125810779
0.003426369508
0.003065699033
0.003121439016
0.002407967241
0.000000000000
0.000000000000
0.000000000000
0.002407967241
0.002407967241
0.003163407944
0.002360752197
0.002885363796
0.002317034564
0.001981674298
0.002972511447
0.000000000000
0.002972511447
0.000000000000
0.001902407326
0.001902407326
0.002136549766
0.000000000000
0.000000000000
0.002441771161
0.002797862789
0.000000000000
0.002481123605
0.000000000000
0.002345789590
0.002436012267
0.001941197275
0.000000000000
0.002397949575
0.000000000000
0.002220323681
0.000000000000
0.002503769257
0.000000000000
0.002303467716
0.001791586002
0.002414746350
0.002414746350
0.002004695083
0.001681357166
0.000000000000
0.001681357166
0.000000000000
0.000000000000
0.000000000000
0.000000000000
0.002058804694
0.000000000000
0.002058804694
0.001860842704
0.000000000000
0.002156885861
0.001545768201
0.001249319505
0.001913851156
0.000000000000
0.001492155139
0.000000000000
0.001696960746
0.000000000000
0.001462897195
0.001158126946
0.000000000000
0.000000000000
0.001644540263
0.001751792889
0.001110291268
0.001727119750
0.000000000000
0.001085618128
0.000000000000
0.000000000000
0.000000000000
0.000000000000
0.001085618128
0.001506572096
0.001506572096
0.000000000000
0.000000000000
0.001041307184
0.001622501892
0.001548751806
0.001585626849
0.000000000000
0.000000000000
0.000000000000
0.001585626849
0.000000000000
0.000946642895
0.000000000000
0.000946642895
0.000000000000
0.000000000000
0.001079505055
0.000000000000
0.000000000000
0.000000000000
0.001079505055
0.000000000000
0.001079505055
0.001079505055
0.000000000000
0.000880211814
0.000000000000
0.000000000000
0.000880211814
0.001386333608
0.000000000000
0.001020132277
0.000000000000
0.001020132277
0.000825821367
0.000000000000
0.001003939702
0.001003939702
0.000793436216
0.001241015620
0.000000000000
0.000000000000
0.000000000000
0.000000000000
0.000000000000
0.000773091697
0.000773091697
0.000000000000
0.000000000000
0.001060753724
0.001060753724
0.000000000000
0.001144497439
0.000000000000
0.000000000000
0.000900987346
0.000000000000
0.000000000000
0.001010863852
0.000879012045
0.000000000000
0.000988888550
0.000653672093
0.000842510697
0.000842510697
0.000928922051
0.000000000000
0.000000000000
0.000000000000
0.000000000000
0.000000000000
0.000720388529
0.000000000000
0.000000000000
0.000804154637
0.000000000000
0.000912824183
0.000000000000
0.000000000000
0.000000000000
0.000000000000
0.000566580527
0.000000000000
0.000672814376
0.000832165149
0.000000000000
0.000855280848
0.000000000000
0.000525172451
0.000525172451
0.000000000000
0.000825270994
0.000000000000
0.000825270994
0.000000000000
0.000736052508
0.000736052508
0.000000000000
0.000000000000
0.000000000000
0.000613377090
0.000535073632
0.000535073632
0.000587275937
0.000000000000
0.000000000000
0.000000000000
0.000000000000
0.000671172500
0.000000000000
0.000691511060
0.000000000000
0.000000000000
0.000000000000
0.000650833939
0.000000000000
0.000650833939
0.000000000000
0.000000000000
0.000000000000
0.000520667151
0.000369200344
0.000369200344
0.000501733800
0.000000000000
0.000000000000
0.000595808888
0.000000000000
0.000348491991
0.000476883777
0.000000000000
0.000000000000
0.000000000000
0.000000000000
0.000000000000
0.000339321149
0.000000000000
0.000384563969
0.000000000000
0.000331780679
0.000000000000
0.000377023499
0.000522968079
0.000424028172
0.000000000000
0.000000000000
0.000508833807
0.000000000000
0.000000000000
0.000000000000
0.000000000000
0.000000000000
0.000508833807
0.000284946932
0.000000000000
0.000000000000
0.000498657131
0.000274770256
0.000412155384
0.000354911580
0.000288881519
0.000000000000
0.000346657823
0.000000000000
0.000000000000
0.000280627761
0.000000000000
0.000280627761
0.000280627761
0.000000000000
0.000353047829
0.000000000000
0.000000000000
0.000000000000
0.000311512790
0.000000000000
0.000214165043
0.000000000000
0.000000000000
0.000214165043
0.000214165043
0.000000000000
0.000321247565
0.000000000000
0.000000000000
0.000282308466
0.000000000000
0.000311512790
0.000000000000
0.000000000000
0.000311512790
0.000000000000
0.000000000000
0.000000000000
0.000000000000
0.000311512790
0.000000000000
0.000000000000
0.000000000000
0.000000000000
0.000000000000
0.000253104142
0.000201185343
0.000294040117
0.000000000000
0.000000000000
0.000000000000
0.000237129127
0.000000000000
0.000000000000
0.000158086085
0.000278231509
0.000247316897
0.000000000000
0.000247316897
0.000000000000
0.000206097414
0.000239073000
0.000000000000
0.000000000000
0.000197853517
0.000000000000
0.000000000000
0.000000000000
0.000000000000
0.000000000000
0.000000000000
0.000230829104
0.000000000000
0.000000000000
0.000000000000
0.000000000000
0.000000000000
0.000000000000
0.000221211224
0.000221211224
0.000211593345
0.000166251914
0.000000000000
0.000000000000
0.000000000000
0.000000000000
0.000000000000
0.000000000000
0.000000000000
0.000102018220
0.000199399248
0.000097381028
0.000000000000
0.000151481599
0.000000000000
0.000000000000
0.000000000000
0.000000000000
0.000000000000
0.000151481599
0.000000000000
0.000090167619
0.000000000000
0.000147874895
0.000000000000
0.000000000000
0.000086560914
0.000000000000
0.000000000000
0.000000000000
0.000000000000
0.000000000000
0.000000000000
0.000000000000
0.000000000000
0.000000000000
0.000000000000
0.000000000000
0.000000000000
0.000144268190
0.000000000000
0.000000000000
0.000000000000
0.000000000000
0.000000000000
0.000158008017
0.003160160348
