0.015625000000
0.012152777778
0.038888888889
0.019047619048
0.009880831765
0.009846343479
0.009366039102
0.009808755911
0.009820009949
0.008949793641
0.008933155222
0.010388811656
0.009664010843
0.008973181007
0.011155846657
0.008649260473
0.009560509229
0.011036341304
0.009799521960
0.009321496498
0.008219250278
0.008273968986
0.009216587317
0.008014423754
0.009016226723
0.008233675210
0.008912589291
0.009745045702
0.009745045702
0.007661453443
0.007441378042
0.008616332469
0.008430788183
0.008430788183
0.007286192078
0.008518133187
0.006885155050
0.006885155050
0.008761508421
0.008274757953
0.007767867236
0.006743186275
0.006657622157
0.006631239643
0.007989146589
0.007503771175
0.007932558099
0.006272255241
0.007119857301
0.006102734829
0.006584529684
0.007989146589
0.000000000000
0.006104411199
0.006201640312
0.005778801200
0.005958469496
0.000000000000
0.006426072016
0.005986864609
0.005986864609
0.005731581997
0.005556069041
0.005505379219
0.006476916728
0.000000000000
0.005409247171
0.005409247171
0.005791674517
0.005505148944
0.005505148944
0.005484916614
0.005231016957
0.004969911602
0.000000000000
0.004737844154
0.005352212494
0.005981884552
0.004958024962
0.004958024962
0.004578091792
0.004897044784
0.005612168974
0.004380229443
0.005073867130
0.004724930489
0.005004906595
0.005004906595
0.004853242759
0.004853242759
0.003857705783
0.004320722636
0.000000000000
0.000000000000
0.003857705783
0.004423004918
0.004259189921
0.004310714880
0.004833225774
0.004833225774
0.003841794846
0.000000000000
0.003945627139
0.003979100050
0.003952777125
0.000000000000
0.000000000000
0.003952777125
0.004152537112
0.000000000000
0.004250958489
0.000000000000
0.003467887188
0.003564217388
0.003869178872
0.003426050893
0.003978639747
0.003962683778
0.003962683778
0.003520366891
0.003651335518
0.003777243639
0.003918841800
0.002858454646
0.003675155973
0.003666013297
0.000000000000
0.003055011081
0.003055011081
0.002967725050
0.003032937908
0.002922754754
0.002922754754
0.002750828004
0.000000000000
0.000000000000
0.002792150384
0.002750828004
0.003516041224
0.000000000000
0.002934216538
0.003047235728
0.002659133737
0.002659133737
0.003047235728
0.003281638476
0.002585767204
0.002585767204
0.002662922267
0.002330056984
0.002836381923
0.002836381923
0.000000000000
0.002949837200
0.000000000000
0.002407725550
0.002949837200
0.002252388418
0.000000000000
0.000000000000
0.002152594984
0.002293022623
0.001854657142
0.001909205881
0.002293022623
0.002031161608
0.002383828951
0.002054676060
0.000000000000
0.002064355312
0.002546931923
0.002241300092
0.000000000000
0.000000000000
0.000000000000
0.001864102745
0.000000000000
0.002029875044
0.000000000000
0.001602804453
0.001814419908
0.001814419908
0.001960432268
0.001820401392
0.000000000000
0.000000000000
0.001820401392
0.000000000000
0.000000000000
0.001769409122
0.001787152562
0.001519716190
0.001346034340
0.001346034340
0.001787152562
0.001850797217
0.001588580055
0.000000000000
0.000000000000
0.001850797217
0.001233864812
0.001720961727
0.000000000000
0.001522389220
0.000000000000
0.001233864812
0.001233864812
0.000000000000
0.000000000000
0.000000000000
0.000000000000
0.000000000000
0.001268657683
0.001331226834
0.001570753917
0.000000000000
0.001172530652
0.000000000000
0.000000000000
0.000000000000
0.001172530652
0.001133446297
0.000000000000
0.001329099469
0.000000000000
0.000000000000
0.001133446297
0.001329099469
0.000000000000
0.001099944388
0.000000000000
0.000000000000
0.000000000000
0.001442568015
0.000000000000
0.000000000000
0.001044618218
0.000000000000
0.000000000000
0.000000000000
0.001392824290
0.001392824290
0.000000000000
0.000000000000
0.000000000000
0.001099944388
0.000000000000
0.001099944388
0.000000000000
0.000000000000
0.000000000000
0.000000000000
0.001299934276
0.001091944792
0.000000000000
0.001392824290
0.000000000000
0.000000000000
0.000895387044
0.000863408935
0.000000000000
0.001007949039
0.000885139290
0.000000000000
0.000000000000
0.000847653291
0.000000000000
0.000816258725
0.000000000000
0.000887065835
0.000000000000
0.000946049095
0.000000000000
0.000841880658
0.000000000000
0.001133267531
0.000000000000
0.000000000000
0.000000000000
0.000749542391
0.000944389609
0.000944389609
0.000749542391
0.000748936668
0.000000000000
0.000000000000
0.000753944752
0.000665063765
0.000000000000
0.000763859329
0.000000000000
0.000740491658
0.000000000000
0.000000000000
0.000000000000
0.000870458670
0.000731185282
0.000000000000
0.000000000000
0.000000000000
0.000000000000
0.000000000000
0.000885733438
0.000000000000
0.000731185282
0.000717022307
0.000000000000
0.000731185282
0.000766003629
0.000638336358
0.000734086811
0.000000000000
0.000000000000
0.000000000000
0.000606419540
0.000584084466
0.000000000000
0.000000000000
0.000000000000
0.000701896474
0.000555668042
0.000000000000
0.000672650787
0.000593621003
0.000593621003
0.000539655458
0.000000000000
0.000712218481
0.000539655458
0.000000000000
0.000478273013
0.000696870209
0.000000000000
0.000000000000
0.000696870209
0.000000000000
0.000390247317
0.000528020425
0.000390247317
0.000000000000
0.000528020425
0.000641120592
0.000000000000
0.000000000000
0.000000000000
0.000641120592
0.000000000000
0.000475218382
0.000000000000
0.000000000000
0.000475218382
0.000427413728
0.000000000000
0.000605502781
0.000000000000
0.000332950722
0.000592250770
0.000440355383
0.000592250770
0.000000000000
0.000313544525
0.000218117931
0.000295648844
0.000000000000
0.000000000000
0.000000000000
0.000000000000
0.000430124974
0.000000000000
0.000203786652
0.000270179043
0.000199118313
0.000396924943
0.000000000000
0.000000000000
0.000199118313
0.000374873558
0.000000000000
0.000000000000
0.000000000000
0.000252087438
0.000176609475
0.000000000000
0.000365748285
0.000176609475
0.000000000000
0.000000000000
0.000000000000
0.000000000000
0.000234147819
0.000172202302
0.000204490233
0.000000000000
0.000000000000
0.000161439658
0.000000000000
0.000000000000
0.000000000000
0.000335645189
0.000000000000
0.000000000000
0.000268516151
0.000000000000
0.000318862929
0.000193727589
0.000318862929
0.000000000000
0.000000000000
0.000000000000
0.000000000000
0.000000000000
0.000000000000
0.000000000000
0.000000000000
0.000183639915
0.000000000000
0.000000000000
0.000000000000
0.000000000000
0.000183639915
0.000128668015
0.000000000000
0.000000000000
0.000000000000
0.000271632476
0.000000000000
0.000249154537
0.000249154537
0.000000000000
0.000000000000
0.000000000000
0.000000000000
0.000266951290
0.000000000000
0.000000000000
0.000271632476
0.000135816238
0.000000000000
0.000092926900
0.000231357785
0.000000000000
0.000238954885
0.000000000000
0.000121355439
0.000000000000
0.000166047061
0.000000000000
0.000000000000
0.000107422207
0.000000000000
0.000000000000
0.000166047061
0.000000000000
0.000000000000
0.000000000000
0.000000000000
0.000000000000
0.000201628574
0.000071614805
0.000000000000
0.000000000000
0.000000000000
0.000163823217
0.000071614805
0.000000000000
0.000000000000
0.000000000000
0.000000000000
0.000000000000
0.000000000000
0.000000000000
0.000000000000
0.000189026788
0.000000000000
0.000000000000
0.000000000000
0.000000000000
0.000095486406
0.000058352804
0.000000000000
0.000000000000
0.000000000000
0.000000000000
0.000174486266
0.000058352804
0.000081271079
0.000083827734
0.000000000000
0.000131976486
0.000000000000
0.000055170872
0.000000000000
0.000000000000
0.000075445210
0.000000000000
0.000050263836
0.000000000000
0.000000000000
0.000000000000
0.000000000000
0.002549524840
