500
9 100 0
158 100 0
168 100 0
723 100 0
727 100 0
914 100 0
987 100 0
1234 100 0
1284 100 0
1664 100 0
1975 100 0
1982 100 0
2303 100 0
2591 100 0
3400 100 0
3451 100 0
3501 100 0
3883 100 0
4576 100 0
5248 100 0
5257 100 0
5725 100 0
5899 100 0
6106 100 0
6189 100 0
6350 100 0
6596 100 0
6985 100 0
7056 100 0
7194 100 0
7436 100 0
7753 100 0
7817 100 0
8002 100 0
8137 100 0
8264 100 0
8326 100 0
8769 100 0
8888 100 0
8914 100 0
8944 100 0
9045 100 0
9605 100 0
9685 100 0
9901 100 0
9945 100 0
10018 100 0
10081 100 0
11000 100 0
11568 100 0
11569 100 0
11611 100 0
12001 100 0
12305 100 0
12310 100 0
12347 100 0
12409 100 0
12463 100 0
12787 100 0
12850 100 0
12882 100 0
13091 100 0
13576 100 0
13666 100 0
13757 100 0
13887 100 0
14272 100 0
14317 100 0
14471 100 0
14483 100 0
14588 100 0
14761 100 0
15280 100 0
15350 100 0
15473 100 0
16024 100 0
16122 100 0
16370 100 0
16613 100 0
16777 100 0
16806 100 0
17064 100 0
17644 100 0
17903 100 0
17964 100 0
17994 100 0
18067 100 0
18110 100 0
18199 100 0
18273 100 0
18489 100 0
18564 100 0
18794 100 0
18808 100 0
18883 100 0
18963 100 0
19263 100 0
19423 100 0
19508 100 0
19510 100 0
19803 100 0
20623 100 0
20984 100 0
21062 100 0
21165 100 0
21604 100 0
21814 100 0
22038 100 0
22215 100 0
22356 100 0
22577 100 0
23711 100 0
24086 100 0
24091 100 0
24236 100 0
24493 100 0
24897 100 0
25288 100 0
25418 100 0
25429 100 0
25497 100 0
25526 100 0
25730 100 0
25763 100 0
25936 100 0
26134 100 0
27187 100 0
27326 100 0
27373 100 0
27522 100 0
27677 100 0
27947 100 0
28304 100 0
28536 100 0
29109 100 0
29313 100 0
29387 100 0
29971 100 0
30060 100 0
30135 100 0
30222 100 0
30798 100 0
30811 100 0
30890 100 0
31147 100 0
31965 100 0
32553 100 0
33026 100 0
33315 100 0
33352 100 0
33703 100 0
33742 100 0
34216 100 0
34440 100 0
35212 100 0
35603 100 0
35907 100 0
36021 100 0
36282 100 0
36356 100 0
36503 100 0
36733 100 0
36774 100 0
36843 100 0
37079 100 0
37215 100 0
37315 100 0
37466 100 0
37515 100 0
37538 100 0
37671 100 0
37702 100 0
37773 100 0
37844 100 0
38142 100 0
38166 100 0
38179 100 0
38279 100 0
38483 100 0
39107 100 0
39181 100 0
39378 100 0
39532 100 0
39767 100 0
39798 100 0
39825 100 0
40006 100 0
40017 100 0
40400 100 0
40879 100 0
40880 100 0
41161 100 0
41313 100 0
41969 100 0
42295 100 0
42306 100 0
42535 100 0
42712 100 0
42792 100 0
42946 100 0
43363 100 0
43366 100 0
43490 100 0
43630 100 0
44138 100 0
44431 100 0
44493 100 0
44629 100 0
44828 100 0
45067 100 0
45361 100 0
45548 100 0
45579 100 0
45692 100 0
45754 100 0
46061 100 0
46366 100 0
46926 100 0
47324 100 0
47520 100 0
47631 100 0
47790 100 0
47829 100 0
48420 100 0
48751 100 0
48857 100 0
48863 100 0
48922 100 0
48956 100 0
49146 100 0
49503 100 0
49984 100 0
50070 100 0
50464 100 0
50530 100 0
50615 100 0
50961 100 0
50975 100 0
51854 100 0
51891 100 0
51945 100 0
51976 100 0
52006 100 0
52234 100 0
52267 100 0
52497 100 0
52785 100 0
53455 100 0
53561 100 0
53591 100 0
53642 100 0
53821 100 0
53830 100 0
54443 100 0
54795 100 0
54837 100 0
54875 100 0
55473 100 0
55607 100 0
56190 100 0
56250 100 0
56561 100 0
57143 100 0
57190 100 0
57264 100 0
57299 100 0
57569 100 0
57692 100 0
57708 100 0
58039 100 0
58245 100 0
58473 100 0
58565 100 0
58617 100 0
58831 100 0
59340 100 0
59519 100 0
59889 100 0
59911 100 0
60068 100 0
60147 100 0
60162 100 0
60191 100 0
60215 100 0
60299 100 0
60361 100 0
60495 100 0
60603 100 0
60677 100 0
61260 100 0
61836 100 0
62232 100 0
62443 100 0
62684 100 0
62698 100 0
63096 100 0
63561 100 0
63619 100 0
64018 100 0
64105 100 0
64211 100 0
64399 100 0
64440 100 0
64460 100 0
64534 100 0
65010 100 0
65032 100 0
65091 100 0
65280 100 0
65320 100 0
65453 100 0
65732 100 0
65849 100 0
65852 100 0
65888 100 0
65916 100 0
65926 100 0
65975 100 0
66265 100 0
66508 100 0
66536 100 0
66880 100 0
67281 100 0
67307 100 0
67643 100 0
67790 100 0
67832 100 0
67931 100 0
68107 100 0
68799 100 0
68849 100 0
69179 100 0
69180 100 0
69452 100 0
69511 100 0
69596 100 0
69632 100 0
69638 100 0
69646 100 0
69681 100 0
69748 100 0
69831 100 0
69927 100 0
70041 100 0
70297 100 0
70405 100 0
70415 100 0
70653 100 0
70959 100 0
71375 100 0
71577 100 0
71745 100 0
72168 100 0
72225 100 0
72499 100 0
72523 100 0
72535 100 0
72542 100 0
72596 100 0
72665 100 0
72766 100 0
73266 100 0
73268 100 0
73305 100 0
73428 100 0
73493 100 0
73532 100 0
73567 100 0
73601 100 0
74059 100 0
74462 100 0
74536 100 0
74839 100 0
74874 100 0
75180 100 0
75227 100 0
75299 100 0
75326 100 0
75772 100 0
75886 100 0
75917 100 0
76033 100 0
76137 100 0
76631 100 0
76634 100 0
77098 100 0
77670 100 0
77774 100 0
78129 100 0
78281 100 0
79007 100 0
79356 100 0
79435 100 0
79523 100 0
79533 100 0
79657 100 0
79683 100 0
80052 100 0
80130 100 0
80508 100 0
80756 100 0
80845 100 0
81042 100 0
81220 100 0
81262 100 0
81287 100 0
81313 100 0
81438 100 0
81506 100 0
81639 100 0
81685 100 0
81961 100 0
81977 100 0
82051 100 0
82789 100 0
82869 100 0
82975 100 0
83263 100 0
83722 100 0
84152 100 0
84167 100 0
84712 100 0
84852 100 0
84981 100 0
85146 100 0
85334 100 0
85405 100 0
85615 100 0
85626 100 0
85681 100 0
85711 100 0
86490 100 0
86544 100 0
86837 100 0
86886 100 0
86901 100 0
87195 100 0
87479 100 0
87641 100 0
88798 100 0
89016 100 0
89752 100 0
89761 100 0
90100 100 0
90228 100 0
90265 100 0
90366 100 0
90521 100 0
90889 100 0
91309 100 0
91689 100 0
92154 100 0
92161 100 0
92570 100 0
92599 100 0
92652 100 0
92897 100 0
93002 100 0
93085 100 0
93149 100 0
93178 100 0
93213 100 0
93722 100 0
94029 100 0
94100 100 0
94289 100 0
94523 100 0
94622 100 0
94849 100 0
95040 100 0
95178 100 0
95407 100 0
95456 100 0
95743 100 0
95755 100 0
96569 100 0
96769 100 0
96973 100 0
97050 100 0
97256 100 0
97416 100 0
97985 100 0
97993 100 0
98028 100 0
98115 100 0
98439 100 0
98602 100 0
98619 100 0
98688 100 0
98690 100 0
98703 100 0
98762 100 0
98849 100 0
99032 100 0
99034 100 0
99107 100 0
99245 100 0
99536 100 0
99685 100 0
99945 100 0
