0.065573770492
0.050509525919
0.039578359862
0.010172751129
0.013033837384
0.026067674769
0.009695903420
0.022439090772
0.070787234807
0.011731217821
0.000000000000
0.000000000000
0.000000000000
0.012837936483
0.046574839335
0.042827438469
0.000000000000
0.021413719235
0.022880412333
0.038134020555
0.019067010277
0.008362723806
0.000000000000
0.013773898033
0.032009763035
0.000000000000
0.016901154882
0.030807168393
0.000000000000
0.000000000000
0.000000000000
0.012634400521
0.000000000000
0.000000000000
0.010975337826
0.000000000000
0.000000000000
0.000000000000
0.004335935931
0.017343743725
0.028045202620
0.000000000000
0.000000000000
0.027829470292
0.008292619935
0.008700453703
0.025040330169
0.004136125965
0.000000000000
0.009478622004
0.000000000000
0.003695056035
0.000000000000
0.000000000000
0.000000000000
0.004984029071
0.004025561942
0.000000000000
0.000000000000
0.000000000000
0.007161755548
0.004774503699
0.000000000000
0.002387251849
0.009549007397
0.000000000000
0.008246870025
0.010824016908
0.004272638253
0.010310061872
0.006073050144
0.000000000000
0.003295453566
0.000000000000
0.000000000000
0.000000000000
0.006487924209
0.003565435826
0.000000000000
0.000000000000
0.000000000000
0.003208892244
0.008343119834
0.008343119834
0.007353258158
0.000000000000
0.001838314540
0.000000000000
0.003545320898
0.006837404589
0.005228603509
0.000000000000
0.000000000000
0.000000000000
0.001371436986
0.000000000000
0.000000000000
0.006496280460
0.005829995284
0.001943331761
0.000000000000
0.000000000000
0.000000000000
0.000000000000
0.000000000000
0.000000000000
0.000000000000
0.001744015683
0.000000000000
0.000000000000
0.000000000000
0.001840905444
0.001840905444
0.003576616290
0.000000000000
0.003106008884
0.000000000000
0.004300627685
0.005734170247
0.002621334970
0.000786400491
0.000000000000
0.002831041768
0.000000000000
0.000943680589
0.000000000000
0.000000000000
0.001432996450
0.003449806269
0.001988711849
0.000000000000
0.000000000000
0.000000000000
0.000000000000
0.000000000000
0.001223822676
0.001055019549
0.000000000000
0.000000000000
0.000000000000
0.000000000000
0.001181621895
0.002363243789
0.001114100643
0.000345577514
0.000000000000
0.000000000000
0.000743515258
0.000000000000
0.000360492246
0.000000000000
0.000418428500
0.000000000000
0.000000000000
0.000343486082
0.000000000000
0.000000000000
0.001889173453
0.001696400652
0.000806387634
0.000000000000
0.000281201841
0.000000000000
0.000000000000
0.001945612741
0.000859891345
0.000000000000
0.000000000000
0.000460345872
0.000000000000
0.000000000000
0.000000000000
0.000000000000
0.000000000000
0.001381037615
0.000404546372
0.000000000000
0.000190374763
0.000000000000
0.000000000000
0.000398597161
0.000000000000
0.000187219879
0.000785115620
0.000000000000
0.000000000000
0.000392557810
0.000686976167
0.000000000000
0.000322020078
0.000453755565
0.000586391807
0.000000000000
0.000000000000
0.000279452346
0.000825049782
0.000000000000
0.000000000000
0.000000000000
0.000191170071
0.000477925179
0.000000000000
0.000000000000
0.000000000000
0.000247202679
0.000086520938
0.000519125625
0.000000000000
0.000676717333
0.000168337645
0.000074944842
0.000119911747
0.000000000000
0.000073279401
0.000000000000
0.000000000000
0.000236492612
0.000000000000
0.000320409346
0.000000000000
0.000489045844
0.000000000000
0.000000000000
0.000000000000
0.000000000000
0.000129902802
0.000447442985
0.000000000000
0.000117362095
0.000138487272
0.000000000000
0.000118703376
0.000237406751
0.000000000000
0.000000000000
0.000306991489
0.000000000000
0.000000000000
0.000000000000
0.000000000000
0.000000000000
0.000000000000
0.000177372860
0.000000000000
0.000103467502
0.000000000000
0.000000000000
0.000056660775
0.000000000000
0.000000000000
0.000278771012
0.000000000000
0.000000000000
0.000000000000
0.000069299009
0.000031855189
0.000189577225
0.000000000000
0.000076243014
0.000029427128
0.000069630388
0.000000000000
0.000000000000
0.000000000000
0.000101825084
0.000000000000
0.000000000000
0.000000000000
0.000000000000
0.000000000000
0.000096817293
0.000000000000
0.000062711201
0.000090823119
0.000000000000
0.000000000000
0.000000000000
0.000094316316
0.000039712133
0.000052003984
0.000000000000
0.000000000000
0.000096007354
0.000089911649
0.000064464956
0.000000000000
0.000000000000
0.000000000000
0.000070508546
0.000000000000
0.000053273123
0.000000000000
0.000083239255
0.000031495934
0.000022047154
0.000020750263
0.000000000000
0.000000000000
0.000059809581
0.000000000000
0.000033642889
0.000000000000
0.000000000000
0.000000000000
0.000032757550
0.000000000000
0.000007799417
0.000010118162
0.000000000000
0.000000000000
0.000000000000
0.000010407252
0.000019300723
0.000009558453
0.000000000000
0.000027082284
0.000000000000
0.000019860342
0.000000000000
0.000023170399
0.000000000000
0.000011585199
0.000012370637
0.000000000000
0.000000000000
0.000000000000
0.000000000000
0.000000000000
0.000000000000
0.000004123546
0.000010799762
0.000000000000
0.000007854372
0.000000000000
0.000000000000
0.000000000000
0.000041628174
0.000000000000
0.000003141749
0.000000000000
0.000000000000
0.000004950635
0.000007543824
0.000000000000
0.000000000000
0.000008229627
0.000005486418
0.000019594349
0.000000000000
0.000001728913
0.000004633487
0.000006950231
0.000000000000
0.000008687789
0.000000000000
0.000014334851
0.000000000000
0.000008123082
0.000000000000
0.000000000000
0.000004061541
0.000002157694
0.000000000000
0.000009121160
0.000000000000
0.000003398079
0.000000000000
0.000000000000
0.000000000000
0.000000000000
0.000004182251
0.000000000000
0.000000000000
0.000000000000
0.000008856532
0.000001215602
0.000001823404
0.000004504880
0.000000000000
0.000000000000
0.000002017110
0.000000000000
0.000000000000
0.000003850847
0.000001139536
0.000000000000
0.000001846835
0.000000000000
0.000000000000
0.000001608533
0.000000000000
0.000003109831
0.000000000000
0.000003368984
0.000000647882
0.000000385644
0.000002432522
0.000000853971
0.000000000000
0.000000000000
0.000000260935
0.000000000000
0.000000000000
0.000000000000
0.000000000000
0.000000383249
0.000000792048
0.000000000000
0.000000000000
0.000000000000
0.000000000000
0.000000000000
0.000000693042
0.000000000000
0.000000000000
0.000000000000
0.000000442367
0.000000995326
0.000000000000
0.000000000000
0.000001279705
0.000000808235
0.000000000000
0.000000335122
0.000000000000
0.000000242032
0.000000000000
0.000000279682
0.000000668129
0.000000000000
0.000000890838
0.000000494910
0.000000510875
0.000000086210
0.000000593329
0.000000000000
0.000000000000
0.000000276887
0.000000092296
0.000000184591
0.000000000000
0.000000103028
0.000000000000
0.000000000000
0.000000134099
0.000000082415
0.000000172323
0.000000000000
0.000000000000
0.000000000000
0.000000000000
0.000000059422
0.000000099828
0.000000000000
0.000000195497
0.000000000000
0.000000000000
0.000000118998
0.000000000000
0.000000000000
0.000000000000
0.000000416494
0.000000000000
0.000000000000
0.000000000000
0.000000059499
0.000000000000
0.000000089249
0.000000035089
0.000000000000
0.000000000000
0.000000000000
0.000000000000
0.000000000000
0.000000278208
0.000000032256
0.000000000000
0.000000030790
0.000000043985
0.000000000000
0.000000014266
0.000000017832
0.000000005795
0.000000000000
0.000000052158
0.000000004458
0.000000000000
0.000000009680
0.000000000000
0.000000000000
0.000000000000
0.000000000000
0.000000000000
0.000000047917
0.000000031945
0.000000000000
0.000000000000
0.000000000000
0.000000000000
0.000000000000
0.000000079862
