500
36 1 60
82 1 58
83 1 72
84 1 82
181 1 96
186 1 52
206 1 30
233 1 88
263 1 58
269 1 66
273 1 52
339 1 66
358 1 28
375 1 58
399 1 60
436 1 46
485 1 60
524 1 66
553 1 78
615 1 96
674 1 78
733 1 60
781 1 58
847 1 70
929 1 82
956 1 58
966 1 36
996 1 66
1091 1 96
1172 1 96
1233 1 82
1265 1 78
1266 1 66
1295 1 36
1345 1 70
1380 1 78
1432 1 96
1506 1 96
1510 1 88
1549 1 82
1561 1 22
1579 1 70
1606 1 72
1669 1 70
1718 1 52
1769 1 66
1805 1 70
1845 1 82
1880 1 72
1881 1 46
1927 1 82
1952 1 42
2001 1 82
2023 1 66
2037 1 52
2058 1 60
2072 1 66
2131 1 82
2144 1 40
2221 1 96
2262 1 88
2295 1 40
2308 1 36
2322 1 22
2371 1 60
2455 1 88
2466 1 40
2476 1 66
2509 1 70
2534 1 42
2579 1 70
2593 1 16
2666 1 96
2676 1 70
2697 1 78
2703 1 88
2732 1 30
2778 1 96
2796 1 66
2857 1 78
2885 1 42
2888 1 30
2908 1 72
2916 1 42
2923 1 60
2953 1 66
2985 1 70
3040 1 78
3078 1 58
3129 1 70
3223 1 96
3286 1 88
3322 1 88
3337 1 42
3350 1 78
3357 1 30
3441 1 96
3446 1 36
3447 1 52
3448 1 58
3492 1 66
3510 1 30
3575 1 88
3634 1 82
3648 1 18
3717 1 88
3725 1 72
3741 1 40
3747 1 58
3760 1 72
3761 1 30
3770 1 28
3833 1 82
3873 1 40
3876 1 36
3929 1 58
3931 1 70
3953 1 96
3998 1 66
4010 1 46
4065 1 78
4140 1 96
4231 1 96
4257 1 88
4272 1 60
4330 1 60
4336 1 16
4351 1 70
4397 1 88
4403 1 52
4410 1 72
4417 1 88
4442 1 52
4512 1 96
4534 1 42
4576 1 66
4657 1 96
4663 1 96
4675 1 46
4717 1 72
4753 1 36
4763 1 52
4779 1 88
4843 1 78
4856 1 96
4897 1 66
4940 1 42
4979 1 66
4995 1 28
5003 1 82
5012 1 88
5038 1 36
5063 1 46
5065 1 42
5110 1 60
5165 1 60
5229 1 66
5295 1 66
5303 1 40
5329 1 96
5339 1 96
5351 1 46
5358 1 36
5419 1 88
5433 1 40
5490 1 96
5527 1 52
5528 1 16
5601 1 96
5644 1 52
5662 1 70
5729 1 82
5731 1 52
5751 1 96
5782 1 60
5812 1 52
5849 1 88
5859 1 96
5900 1 46
5918 1 42
5936 1 36
5937 1 58
5953 1 18
6012 1 82
6017 1 72
6073 1 88
6095 1 58
6098 1 70
6101 1 28
6170 1 82
6214 1 78
6238 1 28
6268 1 52
6308 1 60
6341 1 46
6382 1 66
6411 1 30
6458 1 96
6507 1 82
6525 1 22
6587 1 82
6615 1 36
6618 1 88
6683 1 82
6700 1 82
6771 1 96
6791 1 40
6811 1 40
6849 1 88
6865 1 28
6886 1 82
6901 1 28
6968 1 88
6977 1 22
6988 1 52
6996 1 58
7004 1 58
7057 1 78
7125 1 70
7135 1 66
7137 1 42
7189 1 96
7254 1 72
7313 1 96
7382 1 96
7452 1 70
7471 1 36
7540 1 70
7588 1 60
7628 1 70
7641 1 30
7687 1 46
7696 1 30
7709 1 18
7760 1 70
7818 1 70
7839 1 66
7843 1 36
7854 1 18
7873 1 88
7884 1 96
7901 1 60
7949 1 78
8008 1 96
8021 1 60
8029 1 82
8040 1 88
8111 1 72
8152 1 88
8182 1 72
8204 1 52
8245 1 42
8263 1 60
8274 1 82
8340 1 70
8361 1 60
8366 1 28
8395 1 40
8430 1 46
8442 1 46
8461 1 52
8510 1 52
8524 1 30
8578 1 78
8610 1 58
8636 1 52
8638 1 72
8654 1 28
8655 1 16
8669 1 82
8724 1 78
8745 1 58
8780 1 70
8839 1 60
8901 1 78
8976 1 82
9008 1 58
9026 1 58
9087 1 82
9101 1 72
9141 1 42
9228 1 88
9272 1 82
9300 1 46
9305 1 16
9309 1 16
9353 1 78
9386 1 58
9405 1 46
9486 1 96
9526 1 66
9573 1 88
9602 1 52
9636 1 82
9658 1 36
9670 1 22
9674 1 70
9694 1 28
9702 1 28
9748 1 88
9782 1 78
9811 1 72
9837 1 28
9891 1 60
9945 1 72
10012 1 88
10014 1 22
10027 1 72
10058 1 88
10086 1 72
10123 1 96
10160 1 88
10227 1 72
10255 1 88
10308 1 72
10332 1 88
10367 1 88
10423 1 58
10425 1 88
10441 1 28
10529 1 96
10604 1 82
10683 1 96
10760 1 88
10784 1 82
10835 1 96
10848 1 36
10874 1 72
10886 1 18
10892 1 22
10894 1 96
10906 1 40
10930 1 42
10994 1 72
11041 1 58
11061 1 52
11114 1 58
11143 1 72
11162 1 78
11163 1 70
11222 1 60
11263 1 40
11275 1 70
11284 1 66
11296 1 16
11334 1 72
11348 1 88
11352 1 30
11406 1 72
11450 1 70
11499 1 88
11530 1 82
11551 1 78
11634 1 82
11665 1 82
11704 1 78
11755 1 88
11830 1 96
11888 1 66
11917 1 40
12011 1 96
12044 1 36
12056 1 36
12148 1 96
12188 1 82
12231 1 60
12263 1 72
12275 1 72
12304 1 78
12351 1 58
12418 1 66
12431 1 22
12443 1 16
12448 1 78
12455 1 88
12491 1 42
12558 1 70
12594 1 78
12608 1 46
12633 1 30
12639 1 52
12646 1 40
12659 1 18
12666 1 70
12725 1 78
12775 1 60
12782 1 70
12838 1 78
12885 1 82
12894 1 96
12913 1 58
12932 1 46
12934 1 72
12973 1 40
12982 1 66
13008 1 40
13053 1 78
13070 1 22
13079 1 96
13158 1 88
13185 1 78
13223 1 66
13277 1 72
13298 1 42
13343 1 46
13366 1 58
13397 1 82
13428 1 96
13469 1 60
13471 1 82
13530 1 72
13568 1 58
13574 1 42
13587 1 46
13641 1 88
13682 1 78
13741 1 88
13747 1 30
13775 1 60
13792 1 18
13845 1 70
13872 1 88
13918 1 72
13971 1 96
13983 1 52
14003 1 30
14037 1 46
14087 1 72
14134 1 60
14191 1 78
14206 1 28
14242 1 40
14263 1 22
14283 1 78
14330 1 82
14338 1 96
14427 1 96
14453 1 66
14481 1 66
14508 1 82
14541 1 52
14590 1 58
14605 1 46
14662 1 72
14729 1 82
14812 1 88
14849 1 42
14854 1 18
14887 1 42
14922 1 78
14960 1 70
14965 1 70
14975 1 30
14998 1 52
15003 1 18
15010 1 22
15016 1 72
15040 1 60
15093 1 58
15157 1 70
15160 1 42
15192 1 70
15268 1 78
15275 1 78
15291 1 36
15322 1 46
15375 1 60
15393 1 46
15404 1 78
15444 1 60
15486 1 42
15534 1 70
15590 1 78
15646 1 82
15719 1 78
15737 1 72
15783 1 82
15853 1 88
15897 1 66
15898 1 52
15932 1 40
15959 1 36
15963 1 52
16025 1 78
16052 1 66
16055 1 46
16089 1 42
16093 1 78
16109 1 58
16165 1 72
16230 1 66
16285 1 82
16286 1 40
16295 1 58
16320 1 40
16329 1 46
16367 1 60
16411 1 66
16499 1 96
16584 1 96
