0.067796610169
0.087943716022
0.080956407078
0.045982124502
0.010706285705
0.068938034783
0.008981363687
0.009525688758
0.052695299515
0.008714991843
0.007060246556
0.025613917739
0.025823867884
0.010401280120
0.011923418674
0.024669142084
0.012223448781
0.026669342794
0.005299677094
0.007419547931
0.011129321897
0.010527736929
0.010527736929
0.008569088198
0.004674048108
0.004554200721
0.030057724757
0.012655884108
0.004811872604
0.004736687094
0.007460282173
0.008312885850
0.006729479022
0.005870396593
0.003699154018
0.007609688265
0.004704170928
0.003528128196
0.007367561820
0.016390755510
0.005530214258
0.005672014623
0.005388413892
0.003891632255
0.003326717896
0.004411517209
0.002391786439
0.004358366400
0.003143739698
0.003558950602
0.004870142929
0.014861467081
0.004862759449
0.002547159712
0.004049330824
0.004049330824
0.002110214655
0.001918376959
0.002351558853
0.002351558853
0.002351558853
0.002351558853
0.003686227390
0.001618343732
0.003641273398
0.003861956634
0.002130734695
0.001598051021
0.002102698712
0.002676161997
0.001420678591
0.003071737494
0.001843042496
0.003398109603
0.001950766624
0.002404433280
0.001346482637
0.001423424502
0.001423424502
0.001536394701
0.001400830462
0.002607101138
0.001721670563
0.002887963525
0.002625421386
0.001615643930
0.001584573854
0.001206168158
0.000894461780
0.001543385032
0.001169231085
0.001520000410
0.002128000575
0.001292000349
0.001691905219
0.000867101425
0.001161034111
0.000909999709
0.001897999392
0.000816860498
0.001873974083
0.001818857199
0.001176907599
0.001435253170
0.000989829772
0.000910004791
0.000711670413
0.000996338578
0.000737017579
0.000603014382
0.001311556282
0.000897380614
0.001025577844
0.001491749592
0.000782557163
0.001467294680
0.001378367730
0.000612607880
0.000906149156
0.001330906573
0.000825162075
0.000748758179
0.000610525900
0.000697743886
0.000983997788
0.000705507848
0.000780561874
0.001158253103
0.001120890100
0.000611394600
0.000515864194
0.000541657403
0.000415036192
0.000985710957
0.000664283471
0.000996425206
0.000535117240
0.000914877863
0.000361135998
0.000933972410
0.000493419386
0.000407266795
0.000841684710
0.000469401088
0.000386120250
0.000461830103
0.000796258798
0.000377885531
0.000447293078
0.000412885918
0.000438691288
0.000687283018
0.000687283018
0.000409445202
0.000265274356
0.000304413196
0.000260925596
0.000353016983
0.000630387470
0.000447906887
0.000591876957
0.000347406040
0.000312665436
0.000340457919
0.000172185614
0.000493598761
0.000530161632
0.000530161632
0.000154116754
0.000485182372
0.000257443708
0.000494291919
0.000204534587
0.000204534587
0.000165999085
0.000389239234
0.000160274979
0.000447434316
0.000228688650
0.000359367879
0.000144819892
0.000170680587
0.000142233822
0.000210118146
0.000106295062
0.000106295062
0.000238445680
0.000171680890
0.000171680890
0.000305210471
0.000305210471
0.000117388643
0.000170747116
0.000170747116
0.000275822265
0.000107743072
0.000161614608
0.000079833722
0.000103910559
0.000257698187
0.000103079275
0.000126701608
0.000258911982
0.000138928381
0.000138928381
0.000087390433
0.000190386301
0.000142789725
0.000116224195
0.000116224195
0.000198549667
0.000207574652
0.000079255776
0.000171192476
0.000069637617
0.000115399480
0.000186837254
0.000061258116
0.000136129147
0.000176967891
0.000056039832
0.000057006036
0.000043324587
0.000133584145
0.000065370964
0.000115656322
0.000060237667
0.000113246815
0.000143048608
0.000107286456
0.000063271500
0.000029320939
0.000069852825
0.000100223619
0.000027221230
0.000036910142
0.000026759853
0.000028567951
0.000035956214
0.000035956214
0.000037287926
0.000035290359
0.000084389988
0.000056259992
0.000078274771
0.000023589657
0.000077202514
0.000050664150
0.000033416780
0.000049586189
0.000032338819
0.000026459034
0.000034848484
0.000034848484
0.000061776857
0.000028829200
0.000033381179
0.000041170121
0.000056853976
0.000014393412
0.000028786823
0.000020639609
0.000019875179
0.000052669225
0.000026334613
0.000051283193
0.000051283193
0.000011177106
0.000016238437
0.000019190880
0.000022302915
0.000027686377
0.000018028339
0.000010516531
0.000020180370
0.000034594920
0.000013305739
0.000018849796
0.000014342236
0.000018440018
0.000012056935
0.000014640564
0.000017654798
0.000012946852
0.000011169833
0.000007866079
0.000009660097
0.000010819309
0.000006885015
0.000029070063
0.000011231615
0.000028409380
0.000028409380
0.000008696749
0.000009707999
0.000005364947
0.000014370393
0.000025866707
0.000016460632
0.000016460632
0.000004703038
0.000012018874
0.000007621725
0.000011725731
0.000014657163
0.000019891865
0.000015211426
0.000005794829
0.000007199636
0.000006399676
0.000005599717
0.000005326560
0.000013316400
0.000005121692
0.000014971100
0.000004727716
0.000002332340
0.000004931233
0.000004191548
0.000004418118
0.000013254354
0.000003738408
0.000001919723
0.000003687889
0.000003687889
0.000006987578
0.000005031056
0.000005031056
0.000006428572
0.000006428572
0.000002857143
0.000002083334
0.000002719908
0.000002719908
0.000004020733
0.000001734434
0.000001256836
0.000002513672
0.000001481271
0.000007406356
0.000003703178
0.000003703178
0.000004443814
0.000002827881
0.000002827881
0.000001131153
0.000002771324
0.000002771324
0.000000683340
0.000001537515
0.000000700926
0.000000999192
0.000001482673
0.000000663883
0.000001460543
0.000000770105
0.000001260171
0.000002240304
0.000003808517
0.000002142291
0.000001890257
0.000002016274
0.000002016274
0.000000748902
0.000001591416
0.000002652360
0.000000624085
0.000001584215
0.000000559135
0.000000279567
0.000001297991
0.000001124926
0.000000477241
0.000000477241
0.000001138037
0.000001707055
0.000000663855
0.000000940461
0.000000608534
0.000000608534
0.000000276606
0.000000285529
0.000001223696
0.000000149840
0.000000156355
0.000001172663
0.000000488610
0.000000167960
0.000000473341
0.000000087656
0.000000154858
0.000000099798
0.000000399190
0.000000061414
0.000000135534
0.000000059296
0.000000133416
0.000000360224
0.000000073682
0.000000117346
0.000000338999
0.000000104307
0.000000081490
0.000000168413
0.000000168413
0.000000041309
0.000000029834
0.000000423645
0.000000039409
0.000000057075
0.000000063924
0.000000109584
0.000000356147
0.000000034466
0.000000036928
0.000000041544
0.000000030823
0.000000022016
0.000000090267
0.000000030089
0.000000015044
0.000000059020
0.000000078694
0.000000020985
0.000000050714
0.000000050714
0.000000009944
0.000000007892
0.000000061163
0.000000014763
0.000000015899
0.000000017282
0.000000009273
0.000000005983
0.000000014598
0.000000007299
0.000000114348
0.000000022870
0.000000029404
0.000000008019
0.000000084202
0.000000003007
0.000000003383
0.000000001556
0.000000003631
0.000000012104
0.000000060520
0.000000000000
0.000000000000
0.000000000000
0.000000000000
0.000000000000
0.000000000000
0.000000000000
0.000000000000
0.000000000000
0.000000000000
0.000000000000
0.000000000000
0.000000000000
0.000000000000
0.000000000000
0.000000000000
0.000000000000
0.000000000000
0.000000000000
0.000000000000
0.000000000000
0.000000000000
0.000000000000
0.000000000000
0.000000000000
0.000000000000
0.000000000000
0.000000000000
0.000000000000
0.000000000000
0.000000000000
0.000000000000
0.000000000000
0.000000000000
0.000000000000
0.000000000000
0.000000000000
0.000000000000
0.000000000000
0.000000000000
0.000000000000
0.000000000000
0.000000000000
0.000000000000
0.000000000000
0.000000000000
0.000000000000
0.000000000000
0.000000000000
0.000000000000
0.000000000000
0.000000000000
0.000000000000
0.000000000000
