0.350000000000
0.495833333333
0.136805555556
0.016801075269
0.000291218638
0.000200295172
0.000037649468
0.000018773394
0.000000000000
0.000002419834
0.000000876206
0.000000000000
0.000002621772
0.000003090679
0.000001309175
0.000000268906
0.000000621894
0.000000078463
0.000000498387
0.000000000000
0.000000170004
0.000000143849
0.000000000000
0.000000000000
0.000000000000
0.000000000000
0.000000000000
0.000000000000
0.000000000000
0.000000000000
0.000000000000
0.000000000000
0.000000000000
0.000000000000
0.000000000000
0.000000000000
0.000000000000
0.000000000000
0.000000000000
0.000000000000
0.000000000000
