0.012345679012
0.012501953430
0.010053117191
0.011627701812
0.011918394357
0.011482355539
0.011923984598
0.009564029313
0.011799776425
0.009439821140
0.011232192243
0.011232192243
0.009200838327
0.009200838327
0.009200838327
0.010336744293
0.009087247730
0.009087247730
0.009087247730
0.008985143823
0.010403850742
0.008866918246
0.010018466070
0.008652311606
0.009409388872
0.009409388872
0.009785764427
0.009785764427
0.009785764427
0.009270724194
0.007992003615
0.009164164146
0.007794806285
0.008594273596
0.007694872871
0.007694872871
0.000000000000
0.008394406768
0.008621282627
0.008621282627
0.007389670823
0.007131891608
0.008419594260
0.007032837558
0.008320540210
0.007017323068
0.007571322258
0.007571322258
0.007571322258
0.007571322258
0.006647990275
0.007478989060
0.006321526467
0.000000000000
0.006321526467
0.007405216719
0.007096666022
0.006144674238
0.007010121314
0.006058129531
0.005983337808
0.006741789080
0.000000000000
0.005899065445
0.006754002466
0.006561030967
0.006657516716
0.005575670250
0.006292542139
0.005496017818
0.005426447972
0.005426447972
0.005426447972
0.005976957186
0.005347803798
0.005142119037
0.000000000000
0.000000000000
0.005738306751
0.005067595573
0.005135163514
0.005671673134
0.000000000000
0.005671673134
0.005421452261
0.000000000000
0.004779438177
0.004844025180
0.005200203502
0.000000000000
0.004645515128
0.004709152322
0.005060581600
0.004985050531
0.005061743616
0.004908357446
0.000000000000
0.004311395054
0.004371275541
0.004251514567
0.004709369982
0.004566661801
0.000000000000
0.004180746719
0.000000000000
0.004064614865
0.004439810084
0.004059254934
0.004376384226
0.004308003222
0.004308003222
0.003870959417
0.004245568393
0.004110788444
0.004178178418
0.003917042267
0.003475685392
0.004054966291
0.000000000000
0.003417757302
0.003803633126
0.003362632184
0.000000000000
0.003362632184
0.000000000000
0.003313181711
0.003313181711
0.000000000000
0.003584753982
0.003645512524
0.003645512524
0.003645512524
0.003093162142
0.003191357765
0.003533288955
0.003533288955
0.000000000000
0.003077380702
0.000000000000
0.002801794371
0.003424415342
0.002749909290
0.000000000000
0.000000000000
0.000000000000
0.000000000000
0.002930231211
0.002704828810
0.000000000000
0.002885150730
0.002837064885
0.002615419191
0.002792735746
0.000000000000
0.002745401242
0.002745401242
0.002952601336
0.000000000000
0.000000000000
0.002647159818
0.002321355533
0.002358202446
0.000000000000
0.002358202446
0.000000000000
0.002523690337
0.000000000000
0.000000000000
0.002717820363
0.002431734009
0.002127767258
0.000000000000
0.002628418377
0.002086046331
0.002309551295
0.002082382315
0.002271689799
0.002190558020
0.001943236953
0.001943236953
0.000000000000
0.002331884344
0.000000000000
0.001904372214
0.000000000000
0.002042872012
0.002251328339
0.000000000000
0.002001180746
0.002209637074
0.001959489481
0.000000000000
0.001959489481
0.000000000000
0.000000000000
0.001959489481
0.000000000000
0.002084563277
0.001917798215
0.001592747670
0.000000000000
0.001539656081
0.000000000000
0.000000000000
0.001974776278
0.001813570051
0.001813570051
0.001444708346
0.000000000000
0.000000000000
0.001782831576
0.001413969870
0.000000000000
0.001492523752
0.000000000000
0.000000000000
0.001757861308
0.000000000000
0.000000000000
0.000000000000
0.001757861308
0.001426189363
0.000000000000
0.000000000000
0.001612214063
0.000000000000
0.001687200763
0.001221766070
0.000000000000
0.000000000000
0.000000000000
0.001339243577
0.001198270569
0.000000000000
0.001198270569
0.000000000000
0.000000000000
0.001292252574
0.001174775067
0.001174775067
0.001383623968
0.000000000000
0.001217589092
0.001420520607
0.001323666929
0.001388236048
0.000000000000
0.001291382370
0.000000000000
0.001291382370
0.000998993909
0.001298692082
0.000888578793
0.001015518620
0.000937401803
0.000000000000
0.000995989416
0.000000000000
0.000000000000
0.001200294937
0.000000000000
0.001200294937
0.000000000000
0.000944913036
0.000000000000
0.000944913036
0.000944913036
0.001014053014
0.000000000000
0.000000000000
0.000000000000
0.000000000000
0.000000000000
0.000000000000
0.000000000000
0.000921866376
0.000000000000
0.000000000000
0.000707861682
0.000000000000
0.000905404477
0.000000000000
0.000745627216
0.000745627216
0.000000000000
0.000869898419
0.000891645879
0.000632257987
0.000875434136
0.000678908106
0.000678908106
0.000862396783
0.000660559238
0.000000000000
0.000000000000
0.000000000000
0.000000000000
0.000000000000
0.000000000000
0.000000000000
0.000000000000
0.000741115242
0.000548974254
0.000808212096
0.000000000000
0.000000000000
0.000000000000
0.000614943986
0.000691811984
0.000000000000
0.000770876211
0.000000000000
0.000689731346
0.000000000000
0.000689731346
0.000000000000
0.000551785077
0.000000000000
0.000000000000
0.000622526754
0.000000000000
0.000695765195
0.000521823897
0.000000000000
0.000000000000
0.000000000000
0.000623289654
0.000507328788
0.000000000000
0.000608794546
0.000627242866
0.000528204518
0.000000000000
0.000465323028
0.000000000000
0.000000000000
0.000000000000
0.000515628220
0.000000000000
0.000000000000
0.000580081748
0.000000000000
0.000000000000
0.000000000000
0.000000000000
0.000000000000
0.000000000000
0.000438598395
0.000000000000
0.000000000000
0.000565933413
0.000000000000
0.000471611177
0.000412659780
0.000459820898
0.000000000000
0.000459820898
0.000286303578
0.000286303578
0.000000000000
0.000000000000
0.000442469166
0.000416441568
0.000000000000
0.000000000000
0.000000000000
0.000000000000
0.000416441568
0.000000000000
0.000000000000
0.000000000000
0.000416441568
0.000403427769
0.000000000000
0.000416875361
0.000000000000
0.000000000000
0.000237046774
0.000000000000
0.000000000000
0.000408701334
0.000000000000
0.000408701334
0.000282947078
0.000000000000
0.000000000000
0.000346838353
0.000208103012
0.000339901586
0.000000000000
0.000339901586
0.000194229478
0.000000000000
0.000000000000
0.000245342498
0.000000000000
0.000000000000
0.000000000000
0.000336210090
0.000336210090
0.000271137170
0.000271137170
0.000212512917
0.000000000000
0.000000000000
0.000000000000
0.000000000000
0.000000000000
0.000212512917
0.000000000000
0.000000000000
0.000000000000
0.000265641146
0.000265641146
0.000143888954
0.000143888954
0.000000000000
0.000000000000
0.000000000000
0.000000000000
0.000228237651
0.000182590121
0.000000000000
0.000238771697
0.000000000000
0.000000000000
0.000213189015
0.000000000000
0.000000000000
0.000000000000
0.000230244136
0.000000000000
0.000000000000
0.000120127375
0.000225238829
0.000000000000
0.000152367443
0.000000000000
0.000000000000
0.000186226875
0.000107597750
0.000189372040
0.000000000000
0.000000000000
0.000000000000
0.000189372040
0.000000000000
0.000000000000
0.000000000000
0.000000000000
0.000167521420
0.000000000000
0.000000000000
0.000182088500
0.000182088500
0.000000000000
0.000000000000
0.000000000000
0.000000000000
0.000166254717
0.000000000000
0.000000000000
0.000110836478
0.000000000000
0.000000000000
0.000000000000
0.000000000000
0.000000000000
0.000080608348
0.000138646358
0.000103984769
0.000000000000
0.000000000000
0.000103984769
0.000072547513
0.000101566518
0.000000000000
0.000133883137
0.000000000000
0.000000000000
0.000000000000
0.000000000000
0.000066941569
0.000000000000
0.000000000000
0.000000000000
0.000000000000
0.000114358513
0.000000000000
0.000000000000
0.000090698131
0.000090698131
0.000000000000
0.000000000000
0.000000000000
0.000106471719
0.000086754734
0.000000000000
0.000000000000
0.000107410623
0.002148212466
