500
41 4 57
51 2 35
116 3 64
122 1 82
182 3 64
248 4 63
287 1 82
309 2 35
402 9 88
445 1 58
467 3 58
515 1 66
527 1 60
530 1 52
540 3 40
562 4 55
595 8 89
620 5 54
681 3 70
753 7 66
794 2 51
831 2 59
898 6 67
900 2 35
949 5 66
970 3 70
1005 3 50
1068 6 73
1090 1 70
1117 2 65
1176 7 90
1188 3 86
1209 4 55
1261 3 70
1269 2 35
1302 3 68
1333 3 70
1365 1 88
1448 1 82
1485 4 39
1530 4 43
1541 2 77
1551 2 71
1623 7 66
1656 4 67
1719 3 64
1735 4 37
1745 2 59
1775 2 39
1799 4 49
1815 1 40
1841 7 66
1854 3 94
1904 2 51
1927 1 60
1952 4 43
1975 4 55
2014 1 78
2059 3 70
2131 5 68
2165 4 85
2253 5 84
2280 1 46
2341 5 84
2360 4 79
2387 2 57
2435 9 88
2452 3 34
2473 4 39
2486 5 48
2487 6 73
2488 1 36
2538 5 48
2590 3 50
2608 2 81
2642 2 51
2649 6 65
2675 2 39
2702 2 45
2723 4 75
2746 1 36
2785 6 83
2819 2 35
2853 5 48
2857 6 61
2861 2 69
2902 1 60
2933 3 70
2966 2 35
2983 4 43
3035 5 54
3038 3 76
3064 3 50
3116 1 52
3144 5 66
3229 5 84
3307 5 92
3354 8 75
3380 5 48
3432 5 48
3452 1 46
3506 1 58
3545 2 45
3593 4 63
3640 3 68
3673 2 87
3676 2 41
3761 5 84
3793 1 66
3851 4 79
3933 1 82
3945 2 39
3961 5 48
3985 3 38
4001 1 36
4027 8 81
4066 2 51
4108 4 43
4111 3 34
4143 7 72
4194 4 63
4246 2 71
4278 7 64
4295 3 44
4373 9 88
4390 3 56
4458 2 77
4461 5 62
4487 5 56
4489 5 48
4517 2 35
4547 4 57
4566 7 90
4607 3 58
4667 2 59
4728 6 61
4756 4 69
4794 2 65
4827 2 87
4859 3 50
4905 1 46
4927 6 61
4960 3 34
5011 8 75
5093 7 82
5147 1 96
5181 2 87
5214 3 38
5218 1 36
5247 6 73
5325 1 78
5342 7 64
5352 2 41
5365 1 36
5425 8 75
5507 3 80
5547 1 52
5562 4 43
5581 5 56
5625 8 81
5628 1 58
5640 5 74
5655 3 44
5695 1 42
5737 4 39
5777 6 67
5824 4 57
5838 6 65
5865 4 39
5931 5 62
5980 5 84
6004 2 81
6068 1 88
6077 1 46
6129 5 48
6170 2 45
6213 2 95
6245 6 83
6309 5 92
6311 1 60
6320 3 38
6332 4 63
6335 6 77
6360 4 37
6417 4 79
6502 2 95
6523 4 37
6532 6 61
6598 2 95
6638 4 39
6659 1 36
6665 8 75
6680 3 40
6686 1 46
6732 1 46
6769 2 35
6831 2 69
6850 3 38
6890 2 39
6985 4 93
7043 4 55
7079 7 76
7161 5 78
7219 2 57
7241 5 48
7275 4 93
7371 9 88
7377 4 75
7381 4 37
7401 7 82
7467 9 88
7469 6 61
7530 1 60
7563 9 88
7582 2 41
7602 4 63
7668 6 61
7674 1 72
7710 3 40
7734 2 65
7767 3 34
7853 5 92
7876 3 50
7881 1 42
7949 5 92
8008 5 74
8017 6 55
8037 2 69
8073 7 76
8077 4 37
8117 3 38
8140 4 49
8192 5 48
8201 1 88
8238 2 81
8267 4 39
8321 3 58
8403 1 82
8444 1 40
8530 3 94
8575 1 58
8604 2 65
8633 4 55
8653 2 41
8689 2 39
8734 1 88
8737 3 64
8803 3 64
8827 4 49
8879 1 52
8931 5 48
8991 3 58
9066 2 81
9082 1 42
9148 5 78
9192 5 74
9204 6 61
9210 1 42
9221 2 39
9230 5 78
9305 8 89
9340 3 56
9357 1 36
9445 2 87
9457 2 45
9507 2 77
9561 1 82
9571 3 70
9600 2 59
9634 2 57
9664 7 72
9672 2 65
9712 2 39
9738 3 44
9800 1 88
9886 3 94
9900 4 75
9940 2 41
9978 7 72
9998 2 39
10026 1 60
10073 2 65
10155 8 81
10164 5 54
10227 7 66
10293 5 74
10371 4 75
10390 3 80
10472 7 76
10517 4 55
10536 4 43
10564 6 91
10584 4 39
10608 5 62
10629 4 43
10637 8 75
10664 1 72
10669 3 40
10688 3 34
10693 1 58
10696 4 57
10719 3 80
10736 2 71
10754 2 41
10810 5 54
10839 1 42
10884 7 76
10939 4 57
10955 3 86
10957 1 46
10997 2 51
11009 5 62
11018 6 65
11045 5 54
11049 2 51
11060 6 55
11097 2 45
11131 3 34
11132 5 84
11143 3 44
11181 2 59
11189 3 44
11220 8 81
11221 1 58
11239 4 75
11308 4 85
11381 1 82
11463 1 82
11477 2 65
11485 7 82
11526 1 42
11564 2 45
11573 8 81
11610 1 46
11611 1 36
11630 1 96
11654 4 39
11661 5 84
11749 7 82
11782 3 40
11837 2 87
11851 5 56
11891 1 46
11911 2 59
11940 3 68
11949 6 73
12014 7 82
12017 3 34
12027 1 78
12114 5 92
12191 8 81
12211 3 40
12223 3 68
12292 8 75
12312 2 35
12313 3 44
12334 1 40
12374 2 39
12400 3 56
12435 2 69
12455 2 39
12459 4 57
12517 2 57
12532 5 48
12540 4 79
12548 5 62
12584 4 49
12622 2 81
12633 2 71
12695 3 94
12718 6 65
12735 1 46
12748 1 66
12788 2 69
12828 4 43
12870 2 57
12953 7 76
12987 3 38
12991 5 84
13046 1 58
13082 7 90
13109 2 39
13113 1 42
13163 4 55
13216 5 68
13284 4 67
13339 5 54
13372 6 91
13417 1 66
13434 5 56
13496 1 70
13499 3 40
13533 1 82
13569 3 34
13606 6 73
13615 6 77
13627 4 39
13653 7 66
13697 1 82
13749 1 52
13791 7 82
13814 1 46
13871 3 70
13885 1 66
13968 3 86
14018 2 65
14051 2 39
14066 1 52
14095 1 46
14111 4 79
14142 1 42
14147 2 95
14205 5 66
14235 3 70
14282 2 57
14323 4 85
14411 6 83
14419 3 34
14499 2 87
14525 3 80
14564 3 44
14595 3 50
14599 1 72
14607 4 79
14676 3 86
14694 4 55
14704 2 45
14772 6 65
14853 8 81
14897 1 60
14938 3 44
14973 3 34
15022 5 62
15030 8 81
15071 5 48
15078 1 46
15123 4 49
15124 2 45
15155 5 62
15165 5 54
15197 5 66
15267 6 65
15343 5 74
15355 3 64
15407 8 89
15459 5 54
15474 7 66
15499 1 46
15546 3 50
15602 2 81
15635 4 55
15689 4 57
15737 7 72
15752 2 57
15786 3 34
15822 1 36
15830 4 85
15869 4 55
15871 2 59
15931 1 60
15957 3 64
15968 3 44
15986 3 56
16018 1 40
16061 2 45
16113 3 58
16128 2 51
16157 5 62
16182 4 79
16233 1 52
16274 4 85
16331 4 67
16339 1 58
16376 1 36
16412 3 34
16424 6 61
16472 1 70
16506 3 40
16509 2 39
16548 1 42
16596 5 78
16603 1 52
16641 7 66
16684 5 74
16708 3 50
16713 7 66
16722 1 60
16761 6 77
16764 6 91
16785 2 71
16805 1 42
16825 4 63
16855 2 35
16890 3 40
16932 4 39
16957 5 92
16985 3 86
17053 5 92
17060 3 40
17092 2 65
