0.014084507042
0.014084507042
0.018336433697
0.014231261973
0.011889408737
0.012703751801
0.010277192469
0.015328693851
0.015328693851
0.012135215966
0.009790912881
0.016380950398
0.011766598173
0.008491359506
0.011645293037
0.013172544583
0.009522321385
0.008975061536
0.011694777153
0.012669341915
0.000000000000
0.014656689667
0.010620789614
0.008397833648
0.008705071464
0.014102215772
0.008859084267
0.007105723839
0.010385288688
0.008631928260
0.007717959386
0.008003809733
0.011233417170
0.008277254756
0.007759926334
0.007298025957
0.008076482059
0.007565312309
0.010537399287
0.008399376243
0.009680637026
0.007198422404
0.008151154781
0.011145456537
0.011145456537
0.011145456537
0.006177000009
0.009209345468
0.006720333179
0.007665380032
0.007665380032
0.007093336746
0.005709271040
0.004867904781
0.007380371765
0.006620627613
0.007271836886
0.007271836886
0.004564238046
0.000000000000
0.007194476919
0.005151600757
0.005645589871
0.005645589871
0.004310073987
0.005584884603
0.000000000000
0.005834954063
0.000000000000
0.000000000000
0.005834954063
0.006539172657
0.005647467295
0.005244076774
0.006238643058
0.006238643058
0.006238643058
0.006238643058
0.005182872695
0.000000000000
0.003605476657
0.003605476657
0.005070201549
0.000000000000
0.005603906975
0.000000000000
0.004981250645
0.004751346769
0.000000000000
0.000000000000
0.000000000000
0.003949171340
0.003751712773
0.005488616835
0.003827588056
0.005316094522
0.004083376952
0.004958386299
0.000000000000
0.004958386299
0.003570038135
0.004261013258
0.004904185070
0.000000000000
0.003228071186
0.000000000000
0.000000000000
0.003402561520
0.003184448602
0.000000000000
0.000000000000
0.000000000000
0.004626463063
0.003759001239
0.004554174578
0.003807588582
0.003807588582
0.004320148583
0.003240111437
0.004256616986
0.002364787214
0.002733325482
0.002334075692
0.004465188281
0.003939872012
0.002238563643
0.002238563643
0.003055817037
0.002203030887
0.003173858058
0.003681675347
0.003110380897
0.003545834222
0.003861019486
0.002740078345
0.000000000000
0.002932364545
0.000000000000
0.003040970639
0.003289213140
0.003289213140
0.000000000000
0.002034118653
0.003467247703
0.001987888683
0.003002117603
0.002573243660
0.002948508360
0.001898354698
0.000000000000
0.002040022959
0.000000000000
0.001819479936
0.002414946097
0.003032723006
0.002403289929
0.001893501156
0.002618671812
0.000000000000
0.002618671812
0.001812926639
0.002148653794
0.002530636691
0.002100905932
0.000000000000
0.002324406563
0.002056205806
0.002016663387
0.002337496198
0.001376881322
0.001376881322
0.002273455206
0.001491954979
0.001105801926
0.002211603851
0.001259385527
0.001064480624
0.002103616470
0.001413906152
0.002069130955
0.001165707580
0.001990232454
0.001326821636
0.001701792968
0.001701792968
0.001871972264
0.001659248143
0.001829427440
0.000000000000
0.000000000000
0.001363102799
0.000000000000
0.000000000000
0.000000000000
0.001703878498
0.000935933260
0.001110429291
0.000920069984
0.001244800567
0.000000000000
0.000000000000
0.001244800567
0.000000000000
0.000871360397
0.001036618403
0.000856336942
0.001188385960
0.001140850521
0.000980731150
0.000871761022
0.000783321498
0.000000000000
0.001087058406
0.000767335345
0.000829217228
0.000829217228
0.001036521535
0.000727112121
0.001262878948
0.000994181299
0.000000000000
0.001236009183
0.000000000000
0.000000000000
0.000741605510
0.000781334376
0.001101881813
0.000504476011
0.001149084246
0.000681660146
0.000718841609
0.000000000000
0.000843857541
0.000843857541
0.000843857541
0.000671960634
0.000539604752
0.000427735474
0.000911751931
0.000000000000
0.000000000000
0.000784530732
0.000406793713
0.000614028246
0.000742545785
0.000458631220
0.000529798134
0.000629135284
0.000000000000
0.000000000000
0.000369616979
0.000000000000
0.000449226790
0.000777040934
0.000354094603
0.000767204973
0.000000000000
0.000000000000
0.000767204973
0.000334422681
0.000000000000
0.000000000000
0.000000000000
0.000000000000
0.000000000000
0.000735729897
0.000595590869
0.000519557992
0.000702931401
0.000000000000
0.000682256948
0.000394990865
0.000345617007
0.000282777551
0.000282777551
0.000504959913
0.000000000000
0.000000000000
0.000309005320
0.000618010639
0.000299641522
0.000475041437
0.000301613611
0.000566667997
0.000453334397
0.000000000000
0.000453334397
0.000453334397
0.000000000000
0.000270538269
0.000270538269
0.000438710707
0.000210581139
0.000486968885
0.000471751107
0.000224988990
0.000239988256
0.000307811023
0.000446822453
0.000297881636
0.000436893065
0.000351941636
0.000000000000
0.000000000000
0.000351941636
0.000186968994
0.000000000000
0.000000000000
0.000379969246
0.000379969246
0.000324091416
0.000324091416
0.000000000000
0.000185195095
0.000000000000
0.000351232076
0.000239865808
0.000342665440
0.000177922440
0.000153797364
0.000000000000
0.000000000000
0.000202732888
0.000000000000
0.000202732888
0.000115064612
0.000115064612
0.000207116302
0.000146864287
0.000000000000
0.000000000000
0.000000000000
0.000000000000
0.000155503363
0.000185123051
0.000151800902
0.000000000000
0.000256491179
0.000175164707
0.000000000000
0.000000000000
0.000000000000
0.000142991598
0.000175989659
0.000175989659
0.000175989659
0.000197988366
0.000000000000
0.000127867487
0.000000000000
0.000193863609
0.000092316004
0.000098682625
0.000098682625
0.000000000000
0.000153506306
0.000000000000
0.000000000000
0.000000000000
0.000114313206
0.000114313206
0.000000000000
0.000000000000
0.000082969263
0.000112469445
0.000000000000
0.000000000000
0.000068731327
0.000079998758
0.000067604584
0.000000000000
0.000175271145
0.000103569313
0.000127242299
0.000080115521
0.000098747038
0.000103684390
0.000000000000
0.000000000000
0.000096278362
0.000056391612
0.000000000000
0.000000000000
0.000114441801
0.000125885981
0.000052908601
0.000124061546
0.000051084166
0.000000000000
0.000061118556
0.000000000000
0.000000000000
0.000000000000
0.000000000000
0.000000000000
0.000081988307
0.000059627859
0.000080497610
0.000059234091
0.000000000000
0.000000000000
0.000000000000
0.000110006168
0.000000000000
0.000076158116
0.000000000000
0.000111308016
0.000051531489
0.000000000000
0.000070029972
0.000106445558
0.000000000000
0.000038129752
0.000076259504
0.000046928926
0.000062983558
0.000043969654
0.000000000000
0.000000000000
0.000034642758
0.000000000000
0.000000000000
0.000070368101
0.000000000000
0.000000000000
0.000033560171
0.000079550036
0.000000000000
0.000000000000
0.000000000000
0.000079550036
0.000000000000
0.000000000000
0.000031074233
0.000081569861
0.000081569861
0.000029908949
0.000063022428
0.000045989340
0.000000000000
0.000000000000
0.000026279623
0.000026279623
0.000000000000
0.000072866226
0.000000000000
0.000025935436
0.000029495202
0.000000000000
0.000025426898
0.000023759561
0.000052799024
0.000000000000
0.000000000000
0.000024083765
0.000000000000
0.000000000000
0.000035491865
0.000026263980
0.000000000000
0.000000000000
0.000026263980
0.000022511983
0.000023810751
0.000046705704
0.000021229865
0.000031844798
0.000044582717
0.000017833087
0.000000000000
0.000000000000
0.000017833087
0.000000000000
0.000027954569
0.000000000000
0.000041931853
0.000017859863
0.000000000000
0.000017859863
0.000000000000
0.000016012291
0.000000000000
0.000000000000
0.000043461934
0.000000000000
0.000000000000
0.000017043896
0.000024348422
0.000026704721
0.000040057082
0.000000000000
0.000022384840
0.000012959644
0.000038196846
0.000022918107
0.000000000000
0.000000000000
0.000000000000
0.000026585005
0.000000000000
0.000638040110
