500
85 1 43
689 1 88
790 1 28
1223 1 91
1257 1 98
1424 1 75
1752 1 92
1808 1 66
1872 1 14
2175 1 20
2239 1 83
2341 1 75
2373 1 2
2801 1 90
2856 1 95
2957 1 53
3145 1 79
3227 1 0
3233 1 83
3385 1 2
3483 1 20
3662 1 94
3674 1 57
4855 1 73
6373 1 52
7037 1 83
7166 1 29
7407 1 10
7654 1 70
7877 1 84
8038 1 44
8265 1 43
8405 1 26
9017 1 86
9076 1 99
9097 1 73
9458 1 11
9583 1 35
9698 1 7
9713 1 79
10021 1 72
10141 1 32
10564 1 50
11116 1 27
11179 1 63
11530 1 51
11643 1 77
12099 1 70
12156 1 31
12406 1 92
12851 1 43
12977 1 93
12990 1 79
13170 1 31
13353 1 84
13808 1 66
13858 1 87
13982 1 3
14599 1 63
14653 1 0
14676 1 13
14750 1 37
14803 1 94
15039 1 67
15588 1 26
15831 1 15
15912 1 81
15927 1 73
16138 1 28
16355 1 19
16535 1 87
16674 1 95
16896 1 85
16913 1 74
17042 1 0
17228 1 6
17522 1 55
17539 1 20
17712 1 17
17763 1 41
17863 1 26
17873 1 38
18617 1 58
18643 1 63
18798 1 48
19165 1 65
19762 1 18
19847 1 30
20333 1 23
20701 1 29
20745 1 48
20756 1 79
21009 1 39
21064 1 35
21067 1 48
21124 1 9
21167 1 11
21831 1 88
22103 1 75
22133 1 28
22170 1 96
23472 1 32
23619 1 66
24376 1 11
24411 1 46
24473 1 31
24474 1 11
24505 1 69
24863 1 70
24995 1 77
25233 1 48
25258 1 80
25570 1 48
25686 1 41
25822 1 23
25865 1 29
25943 1 50
26000 1 88
26003 1 78
26098 1 6
26250 1 77
26455 1 26
26706 1 31
27268 1 39
27470 1 44
27686 1 39
28172 1 91
28497 1 26
28784 1 72
28841 1 33
28844 1 81
29122 1 30
29183 1 40
29234 1 57
29297 1 16
29299 1 20
29488 1 62
29494 1 94
29530 1 61
29615 1 32
30018 1 60
30129 1 1
30296 1 72
30321 1 80
30628 1 9
30928 1 70
31430 1 91
31534 1 76
31778 1 55
31816 1 65
31903 1 51
31941 1 36
32273 1 19
32461 1 15
32464 1 53
32503 1 85
32876 1 22
33126 1 80
33315 1 91
33406 1 33
33472 1 21
33507 1 73
33712 1 94
33747 1 3
33788 1 2
33959 1 94
33984 1 10
33986 1 39
34060 1 48
34237 1 15
34422 1 30
34472 1 23
34530 1 77
34637 1 24
34693 1 27
34886 1 12
35163 1 78
35689 1 65
35725 1 13
36273 1 74
36318 1 26
36338 1 8
36487 1 7
36711 1 72
36907 1 76
36914 1 41
36920 1 1
37030 1 83
37086 1 60
37229 1 15
37280 1 73
37283 1 79
37322 1 19
37424 1 60
37426 1 31
37437 1 32
37792 1 51
38192 1 2
38336 1 27
38348 1 20
38400 1 26
38423 1 65
38569 1 47
38682 1 29
38904 1 9
39218 1 96
39386 1 56
39840 1 48
39934 1 90
40076 1 53
40112 1 24
40171 1 1
40585 1 49
40719 1 39
40852 1 37
41030 1 54
41290 1 10
41433 1 22
41709 1 97
41818 1 39
42099 1 23
42141 1 36
42174 1 56
42253 1 64
42460 1 33
42572 1 80
42859 1 97
43111 1 9
43154 1 16
43344 1 86
43497 1 48
43541 1 24
43695 1 14
43987 1 61
44439 1 47
44468 1 72
44946 1 56
44968 1 23
45027 1 76
45470 1 25
45499 1 31
45645 1 33
45842 1 15
45872 1 32
46118 1 56
46195 1 40
46222 1 0
46392 1 69
46403 1 75
46493 1 79
46685 1 54
46769 1 31
47081 1 65
47192 1 32
47292 1 70
47355 1 51
47529 1 85
47735 1 99
48081 1 8
48525 1 10
48614 1 69
48831 1 37
48963 1 75
48989 1 16
49076 1 74
49158 1 16
49484 1 43
50022 1 97
50377 1 3
50697 1 42
51156 1 17
51221 1 80
51404 1 48
52356 1 74
52524 1 54
53172 1 39
53267 1 29
53418 1 43
53503 1 29
53563 1 92
53795 1 67
54275 1 52
55206 1 61
55644 1 37
56133 1 65
56824 1 14
56931 1 52
57075 1 20
57469 1 61
57597 1 71
57870 1 51
58424 1 25
58643 1 46
58683 1 93
58792 1 92
58840 1 72
59016 1 85
59443 1 13
59578 1 52
59908 1 82
59925 1 0
59957 1 41
60325 1 15
60364 1 6
60401 1 97
60463 1 31
60713 1 18
60853 1 69
61057 1 53
61846 1 33
61888 1 6
61993 1 46
62487 1 15
62948 1 35
63103 1 55
63139 1 22
63293 1 62
63390 1 92
63412 1 27
63478 1 82
63599 1 86
63642 1 58
63677 1 30
63782 1 62
64183 1 40
64204 1 25
64558 1 54
64709 1 65
64789 1 7
64963 1 15
65290 1 73
65311 1 27
65405 1 26
65412 1 10
65834 1 79
66844 1 58
67144 1 76
67299 1 33
67451 1 77
67472 1 59
67688 1 27
67821 1 80
67856 1 87
68234 1 66
68472 1 47
68607 1 16
68639 1 78
68679 1 98
68900 1 9
69509 1 80
69756 1 14
69773 1 16
69878 1 87
69957 1 32
69966 1 89
70129 1 5
70219 1 51
70623 1 43
71204 1 66
71598 1 32
71663 1 50
72114 1 11
72604 1 56
72679 1 37
72763 1 38
73038 1 47
73215 1 31
73269 1 52
73447 1 53
73869 1 88
74043 1 84
74258 1 95
74297 1 94
74374 1 83
74546 1 71
74687 1 83
74927 1 56
75129 1 49
75169 1 78
75186 1 68
75358 1 55
76072 1 43
76133 1 34
76176 1 2
76305 1 36
76306 1 46
76318 1 67
76583 1 72
76785 1 21
76877 1 55
77136 1 99
77327 1 93
77341 1 38
77408 1 17
77660 1 74
77753 1 1
77831 1 44
78550 1 52
78738 1 0
79430 1 31
79556 1 9
79628 1 36
79676 1 25
79896 1 92
80149 1 60
80242 1 3
80356 1 27
80923 1 47
81091 1 4
81284 1 69
81917 1 25
81980 1 62
82128 1 97
82232 1 82
82324 1 86
82523 1 92
82558 1 99
82614 1 63
82698 1 49
82986 1 47
83135 1 87
83174 1 75
83410 1 80
83424 1 3
83473 1 2
83492 1 89
83686 1 15
84567 1 73
84967 1 87
85031 1 13
85230 1 41
85262 1 84
85425 1 5
85906 1 63
86217 1 6
86247 1 9
86344 1 54
86541 1 98
86707 1 19
86933 1 61
87466 1 1
87744 1 83
88204 1 84
88293 1 31
88296 1 70
88352 1 90
88476 1 58
88660 1 94
88917 1 51
89445 1 94
89714 1 40
89803 1 83
89920 1 66
90087 1 6
90729 1 82
90975 1 50
91284 1 72
91298 1 8
91315 1 44
91459 1 27
92016 1 19
92118 1 50
92139 1 17
92236 1 74
92392 1 83
92745 1 0
92988 1 27
93418 1 35
93715 1 34
94285 1 56
94480 1 69
94549 1 56
94695 1 46
95036 1 11
95399 1 9
95852 1 72
95992 1 18
95993 1 59
96024 1 96
96248 1 76
96524 1 78
96773 1 21
97033 1 37
97077 1 8
97186 1 72
97243 1 24
97281 1 83
97336 1 64
97425 1 90
97590 1 19
97685 1 75
98027 1 13
98074 1 5
98487 1 70
98972 1 17
99214 1 14
99554 1 31
99583 1 22
99612 1 18
99891 1 88
