0.066666666667
0.058333333333
0.062500000000
0.054166666667
0.008843537415
0.008843537415
0.016581632653
0.008843537415
0.000000000000
0.040674603175
0.061224489796
0.023242630385
0.039710884354
0.046882086168
0.055017006803
0.013236961451
0.016789493575
0.035298563870
0.018594104308
0.007936507937
0.011772486772
0.007709750567
0.000000000000
0.027295918367
0.012949735450
0.014880952381
0.024414210128
0.005850340136
0.006010959940
0.006046863190
0.037868480726
0.010251322751
0.000000000000
0.014550264550
0.011007180650
0.004703325775
0.000000000000
0.007006802721
0.005820105820
0.014550264550
0.000000000000
0.007586923658
0.005328798186
0.006046863190
0.005442176871
0.000000000000
0.002804232804
0.002441421013
0.009087301587
0.005130385488
0.002054043840
0.008843537415
0.000000000000
0.006575963719
0.013340891912
0.006594860166
0.001247165533
0.000000000000
0.001451247166
0.000000000000
0.000000000000
0.000000000000
0.001281179138
0.001388888889
0.000000000000
0.006198034769
0.001077097506
0.000529100529
0.003448601663
0.000980725624
0.000755857899
0.003412698413
0.000000000000
0.002976190476
0.000000000000
0.000000000000
0.000935374150
0.000529100529
0.000000000000
0.007851473923
0.000000000000
0.000018896447
0.000000000000
0.000000000000
0.000000000000
0.003269085412
0.000377928949
0.000236205593
0.000000000000
0.000226757370
0.000000000000
0.000000000000
0.000000000000
0.000793650794
0.000000000000
0.001247165533
0.000000000000
0.000869236584
0.000000000000
0.000000000000
0.000000000000
0.000793650794
0.000000000000
0.000519652305
0.000221088435
0.000000000000
0.000000000000
0.000198412698
0.000000000000
0.000340136054
0.000000000000
0.000340136054
0.000000000000
0.000000000000
0.000000000000
0.002040816327
0.000000000000
0.000000000000
0.000000000000
0.000907029478
0.000000000000
0.000000000000
0.000000000000
0.000944822373
0.000000000000
0.000000000000
0.000000000000
0.001511715797
0.000226757370
0.000000000000
0.000221088435
0.000000000000
0.000884353741
0.000000000000
0.000000000000
0.000415721844
0.000000000000
0.000000000000
0.000000000000
0.000000000000
0.000000000000
0.000000000000
0.000000000000
0.000000000000
0.000438397581
0.000000000000
0.000294784580
0.000000000000
0.000000000000
0.000124716553
0.000317460317
0.000056689342
0.000068027211
0.000000000000
0.000000000000
0.000000000000
0.000000000000
0.000000000000
0.000000000000
0.000000000000
0.000000000000
0.000000000000
0.000034013605
0.000170068027
0.000000000000
0.000000000000
0.000306122449
0.000000000000
0.000000000000
0.000000000000
0.000022675737
0.000000000000
0.000000000000
0.000000000000
0.000000000000
0.000000000000
0.000000000000
0.000000000000
0.000000000000
0.000000000000
0.000000000000
0.000000000000
0.000000000000
0.000000000000
0.000000000000
0.000000000000
0.000000000000
0.000000000000
0.000045351474
0.000000000000
0.000000000000
0.000000000000
0.000000000000
0.000000000000
0.000000000000
0.000000000000
0.000000000000
0.000000000000
0.000000000000
0.000000000000
0.000000000000
0.000000000000
0.000000000000
0.000000000000
0.000000000000
0.000000000000
0.000000000000
0.000000000000
0.000000000000
0.000000000000
0.000000000000
0.000000000000
0.000000000000
0.000000000000
0.000000000000
0.000000000000
0.000000000000
0.000000000000
0.000000000000
0.000000000000
0.000000000000
0.000000000000
0.000000000000
0.000000000000
0.000000000000
0.000000000000
0.000000000000
0.000000000000
0.000000000000
0.000000000000
0.000000000000
0.000000000000
0.000000000000
0.000000000000
0.000000000000
0.000000000000
0.000000000000
0.000000000000
0.000000000000
0.000000000000
0.000000000000
0.000000000000
0.000000000000
0.000000000000
0.000000000000
0.000000000000
0.000000000000
0.000000000000
0.000000000000
0.000000000000
0.000000000000
0.000068027211
0.000000000000
0.000000000000
0.000000000000
0.000000000000
0.000000000000
0.000000000000
0.000000000000
0.000000000000
0.000000000000
0.000000000000
0.000000000000
0.000000000000
0.000011337868
0.000000000000
0.000000000000
0.000000000000
0.000000000000
0.000000000000
0.000000000000
0.000000000000
0.000000000000
0.000022675737
0.000000000000
0.000000000000
0.000000000000
0.000000000000
0.000000000000
0.000000000000
0.000000000000
0.000000000000
0.000000000000
0.000000000000
0.000000000000
0.000000000000
0.000000000000
0.000000000000
0.000000000000
0.000000000000
0.000000000000
0.000000000000
0.000000000000
0.000000000000
0.000000000000
0.000000000000
0.000000000000
0.000000000000
0.000000000000
0.000000000000
0.000000000000
0.000000000000
0.000000000000
0.000000000000
0.000000000000
0.000000000000
0.000000000000
0.000000000000
0.000000000000
0.000000000000
0.000000000000
0.000000000000
0.000000000000
0.000000000000
0.000000000000
0.000000000000
0.000000000000
0.000000000000
0.000000000000
0.000000000000
0.000000000000
0.000000000000
0.000000000000
0.000000000000
0.000000000000
0.000000000000
0.000000000000
0.000000000000
0.000000000000
0.000000000000
0.000000000000
0.000000000000
0.000000000000
0.000000000000
0.000000000000
0.000000000000
0.000000000000
0.000000000000
0.000000000000
0.000000000000
0.000000000000
0.000000000000
0.000000000000
0.000000000000
0.000000000000
0.000000000000
0.000000000000
0.000000000000
0.000000000000
0.000000000000
0.000000000000
0.000000000000
0.000000000000
0.000000000000
0.000000000000
0.000000000000
0.000000000000
0.000000000000
0.000000000000
0.000000000000
0.000000000000
0.000000000000
0.000000000000
0.000000000000
0.000000000000
0.000000000000
0.000000000000
0.000000000000
0.000000000000
0.000000000000
0.000000000000
0.000000000000
0.000000000000
0.000000000000
0.000000000000
0.000000000000
0.000000000000
0.000000000000
0.000000000000
0.000000000000
0.000000000000
0.000000000000
0.000000000000
0.000000000000
0.000000000000
0.000000000000
0.000000000000
0.000000000000
0.000000000000
0.000000000000
0.000000000000
0.000000000000
0.000000000000
0.000000000000
0.000000000000
0.000000000000
0.000000000000
0.000000000000
0.000000000000
0.000000000000
0.000000000000
0.000000000000
0.000000000000
0.000000000000
0.000000000000
0.000000000000
0.000000000000
0.000000000000
0.000000000000
0.000000000000
0.000000000000
0.000000000000
0.000000000000
0.000000000000
0.000000000000
0.000000000000
0.000000000000
0.000000000000
0.000000000000
0.000000000000
0.000000000000
0.000000000000
0.000000000000
0.000000000000
0.000000000000
0.000000000000
0.000000000000
0.000000000000
0.000000000000
0.000000000000
0.000000000000
0.000000000000
0.000000000000
0.000000000000
0.000000000000
0.000000000000
0.000000000000
0.000000000000
0.000000000000
0.000000000000
0.000000000000
0.000000000000
0.000000000000
0.000000000000
0.000000000000
0.000000000000
0.000000000000
0.000000000000
0.000000000000
0.000000000000
0.000000000000
0.000000000000
0.000000000000
0.000000000000
0.000000000000
0.000000000000
0.000000000000
0.000000000000
0.000000000000
0.000000000000
0.000000000000
0.000000000000
0.000000000000
0.000000000000
0.000000000000
0.000000000000
0.000000000000
0.000000000000
0.000000000000
0.000000000000
0.000000000000
0.000000000000
0.000000000000
0.000000000000
0.000000000000
0.000000000000
0.000000000000
0.000000000000
0.000000000000
0.000000000000
0.000000000000
0.000000000000
0.000000000000
0.000000000000
0.000000000000
0.000000000000
0.000000000000
0.000000000000
0.000000000000
0.000000000000
0.000000000000
0.000000000000
0.000000000000
0.000000000000
0.000000000000
0.000000000000
0.000000000000
0.000000000000
0.000000000000
0.000000000000
0.000000000000
