500
209 1 70
274 1 70
333 1 52
373 1 66
529 1 78
744 1 72
849 1 88
1376 1 58
1685 1 58
2070 1 72
2274 1 88
3060 1 52
3138 1 72
3204 1 96
3249 1 72
3384 1 60
3872 1 82
3895 1 88
4021 1 66
4043 1 60
4055 1 60
4074 1 52
4197 1 70
4452 1 88
5120 1 82
5206 1 52
5492 1 78
5938 1 96
6495 1 66
6530 1 78
6606 1 88
6691 1 82
6859 1 58
6875 1 78
7345 1 82
7440 1 88
7512 1 78
7946 1 82
7968 1 58
8201 1 72
8210 1 60
8288 1 82
8327 1 70
8523 1 52
9232 1 52
9516 1 52
9613 1 88
9761 1 58
10357 1 78
10683 1 66
10696 1 66
10754 1 70
10768 1 88
11042 1 96
11338 1 66
11588 1 72
11650 1 66
11772 1 66
11823 1 96
11998 1 72
12144 1 66
12210 1 88
12262 1 78
12465 1 78
12820 1 96
12988 1 78
13245 1 78
13291 1 72
13297 1 70
13349 1 52
13578 1 70
13692 1 66
14439 1 72
14470 1 78
14817 1 60
14873 1 60
14933 1 60
15304 1 60
15522 1 72
15654 1 66
15861 1 96
15920 1 96
16230 1 72
16391 1 66
16490 1 66
16838 1 88
16937 1 72
16994 1 70
17707 1 60
17758 1 70
18262 1 78
18436 1 82
18657 1 88
18755 1 58
18931 1 82
19015 1 60
19117 1 78
19149 1 66
19225 1 72
19248 1 66
19418 1 82
19912 1 72
20026 1 58
20093 1 82
20155 1 88
20384 1 78
20410 1 60
20634 1 82
20679 1 88
20978 1 58
21101 1 78
21107 1 70
21232 1 60
21236 1 70
21342 1 60
21814 1 72
21842 1 72
22432 1 58
22676 1 78
22948 1 60
23095 1 96
23152 1 88
23484 1 96
23513 1 52
23569 1 58
23956 1 96
24003 1 96
24069 1 70
24904 1 96
25212 1 72
25219 1 60
25294 1 72
25415 1 58
25820 1 52
25829 1 70
25999 1 96
26420 1 72
26429 1 70
26537 1 66
26768 1 58
26905 1 58
26964 1 66
27332 1 88
27364 1 52
27652 1 88
27831 1 60
28345 1 72
28445 1 60
28647 1 82
28721 1 96
28756 1 78
28767 1 60
29346 1 88
29366 1 72
29721 1 52
29755 1 66
29983 1 78
30021 1 60
30029 1 70
30320 1 60
30621 1 78
30839 1 72
30933 1 60
30950 1 72
31206 1 88
31479 1 58
31518 1 72
31707 1 66
32358 1 60
32512 1 88
32661 1 88
32691 1 60
32715 1 78
32776 1 96
32859 1 52
33015 1 82
33252 1 96
33261 1 60
33379 1 70
33995 1 52
34019 1 88
34071 1 60
34211 1 70
34427 1 58
35139 1 58
35318 1 60
35325 1 58
35543 1 60
35726 1 66
35876 1 72
36113 1 72
36254 1 66
36677 1 60
37084 1 58
37303 1 52
37685 1 82
37959 1 70
38459 1 82
38728 1 66
38789 1 78
38928 1 66
39087 1 72
39699 1 60
39749 1 88
40110 1 70
40453 1 82
40532 1 72
40555 1 66
40734 1 70
41113 1 78
41203 1 88
41554 1 78
41558 1 66
41581 1 82
41676 1 78
41788 1 78
42018 1 66
42023 1 82
42235 1 60
43002 1 66
43330 1 70
43494 1 60
43534 1 60
43746 1 60
43813 1 78
44342 1 70
44893 1 52
44925 1 96
44928 1 60
45130 1 78
45291 1 70
45443 1 88
45496 1 66
46530 1 66
46923 1 66
47323 1 70
47324 1 82
47452 1 96
47698 1 52
48036 1 60
48280 1 60
48690 1 66
48992 1 96
49187 1 70
49265 1 58
49435 1 88
49438 1 78
49762 1 72
49768 1 88
50108 1 88
50176 1 96
50499 1 66
50888 1 82
50969 1 52
51242 1 96
52209 1 52
52298 1 78
52429 1 52
52609 1 52
52779 1 96
53075 1 70
53087 1 60
53097 1 88
53880 1 60
54038 1 96
54131 1 60
54197 1 66
54232 1 72
54507 1 60
54655 1 52
54713 1 52
54757 1 78
54869 1 82
54894 1 96
55021 1 96
55175 1 58
55213 1 72
55237 1 96
56076 1 88
56120 1 60
56142 1 88
56657 1 58
56902 1 82
57200 1 52
57458 1 58
57737 1 88
57928 1 58
58287 1 58
58768 1 70
58769 1 82
58831 1 82
58843 1 58
59078 1 96
59086 1 60
59090 1 52
59338 1 88
59465 1 82
60025 1 72
60291 1 52
60393 1 72
60617 1 52
60649 1 58
60877 1 52
61058 1 58
61223 1 58
61247 1 88
61437 1 88
61544 1 72
62035 1 60
62495 1 60
62705 1 58
63084 1 58
63154 1 60
63506 1 78
63749 1 82
64002 1 52
64083 1 66
64189 1 52
64253 1 70
64347 1 82
64432 1 78
64523 1 66
64685 1 72
64797 1 70
64834 1 72
64849 1 96
64872 1 96
65186 1 66
65206 1 78
65703 1 82
65746 1 82
65790 1 82
65833 1 72
65867 1 70
65953 1 72
66129 1 70
66231 1 88
66501 1 60
66689 1 72
66800 1 66
67103 1 60
67182 1 78
68032 1 70
68407 1 66
68509 1 66
68567 1 66
68773 1 58
68904 1 52
68953 1 70
69049 1 78
69491 1 58
69986 1 88
69995 1 82
70566 1 82
70817 1 78
70915 1 66
71137 1 60
71181 1 52
71724 1 60
71865 1 70
71911 1 70
72079 1 70
72432 1 70
72532 1 88
72591 1 70
73126 1 70
73655 1 52
74489 1 96
74774 1 88
74833 1 96
74942 1 60
75231 1 52
75578 1 70
75676 1 66
75732 1 78
76264 1 70
76600 1 72
76649 1 66
76906 1 72
77037 1 70
77084 1 96
77086 1 88
77347 1 70
77627 1 66
77867 1 58
77954 1 96
78101 1 58
78140 1 96
78321 1 58
78560 1 82
78901 1 60
79184 1 52
79411 1 60
79443 1 72
79463 1 52
79467 1 70
79620 1 82
80021 1 70
80028 1 78
80038 1 60
80240 1 52
80697 1 72
80810 1 58
81028 1 70
81158 1 70
81181 1 82
81443 1 52
82143 1 82
82217 1 82
82433 1 72
82676 1 52
82998 1 96
83181 1 96
83370 1 66
83523 1 78
83752 1 70
83947 1 82
84147 1 60
84303 1 58
84946 1 96
85157 1 52
85216 1 66
85304 1 66
85307 1 52
85614 1 66
85812 1 96
85866 1 58
85926 1 72
86201 1 70
86383 1 88
86385 1 58
86670 1 72
86881 1 60
86951 1 96
86996 1 52
87323 1 52
87824 1 88
87911 1 60
88422 1 70
88841 1 52
88959 1 70
89288 1 96
89533 1 96
90439 1 70
90596 1 52
90731 1 70
91075 1 88
91092 1 78
91289 1 96
91411 1 88
91550 1 96
91884 1 60
92905 1 72
93142 1 88
93175 1 88
93393 1 66
93744 1 78
93760 1 72
94258 1 78
94437 1 88
94495 1 72
94658 1 78
94899 1 88
94915 1 82
94982 1 60
95201 1 88
95260 1 70
95429 1 60
95707 1 96
95730 1 66
95828 1 96
95864 1 96
95940 1 52
96351 1 72
96408 1 88
96515 1 60
96670 1 88
96943 1 72
96959 1 88
97007 1 60
97782 1 96
98126 1 70
98282 1 58
98371 1 52
98460 1 72
98650 1 66
98767 1 82
98819 1 70
98837 1 66
98887 1 52
98928 1 58
98965 1 70
99112 1 96
99184 1 52
99213 1 66
99303 1 88
99349 1 70
99364 1 88
99614 1 58
99815 1 70
