0.010869565217
0.012195121951
0.011770304974
0.010378118364
0.010040160643
0.016012656421
0.009574578066
0.010793388171
0.013557703077
0.012257649358
0.010137787888
0.009087635061
0.014152874276
0.014152874276
0.008789679813
0.011637040879
0.009934059287
0.010185554459
0.014990061280
0.009510801986
0.009505831908
0.010562035453
0.009038386004
0.007798590855
0.007991836045
0.008146918026
0.010241839804
0.008833586831
0.008946837944
0.009440165675
0.008824238390
0.011562795131
0.007011482154
0.007020153335
0.006736283692
0.012275219294
0.010983090948
0.008662719621
0.006890799698
0.008688399619
0.006285225257
0.006569636863
0.006809326434
0.007229708678
0.008544201165
0.007540887172
0.006114620727
0.008334116428
0.006338306667
0.006934804536
0.006206662410
0.009176851389
0.007210383234
0.006378415938
0.006548507030
0.006548507030
0.005909819604
0.005155374548
0.006867291456
0.005722518921
0.006781880726
0.006131563396
0.006209575216
0.007913872533
0.006474986618
0.005845474030
0.006014908060
0.004838860679
0.005692777269
0.004284753872
0.005081846929
0.005722286902
0.004164503758
0.004122051290
0.005428160808
0.005025060531
0.005135964029
0.005365932567
0.003891775268
0.004548828236
0.003841232732
0.005259534049
0.003485714191
0.006531852254
0.004948372920
0.005956374811
0.004932622890
0.002989598174
0.003880364463
0.002952759649
0.005100551183
0.003892525903
0.004491376042
0.003241501636
0.003331722397
0.003155897108
0.003155897108
0.004733845662
0.004283003218
0.004149159368
0.003353725445
0.002799423618
0.002933837829
0.004760567043
0.003536421232
0.003536421232
0.002804380356
0.002559708023
0.002552127786
0.002736213793
0.004419696419
0.003577849482
0.003891695928
0.002905799626
0.003839806649
0.002455690299
0.002455690299
0.002787540339
0.003282103948
0.004004166816
0.002309040804
0.002539944884
0.002199484923
0.002181427689
0.002418058981
0.002976713173
0.002541012074
0.002632918992
0.003458932794
0.002835190815
0.002025136296
0.002626348634
0.002469551701
0.001794194815
0.001942123102
0.003250083558
0.001902487936
0.001902487936
0.001902487936
0.003131178062
0.002675733980
0.003074247551
0.001645674844
0.003038472011
0.001503335475
0.002504220464
0.001543298658
0.002475101621
0.001763086086
0.001606863268
0.001684934920
0.001358795605
0.001852903097
0.001496711814
0.002643155322
0.001442371530
0.001472518752
0.001472518752
0.001330090362
0.001387560876
0.001790061867
0.001268414708
0.001173165409
0.002385502998
0.002051532579
0.001182648192
0.001307137476
0.001021221158
0.001616901492
0.001946881388
0.001087809843
0.001539374947
0.001397278798
0.001242025598
0.001399743134
0.001222310906
0.001645418527
0.001422310930
0.001071472880
0.001085634148
0.001255264483
0.000943649888
0.001324373094
0.000914448089
0.001488219439
0.001200176967
0.000819924804
0.000978255002
0.001231251986
0.000845558593
0.000865867892
0.000686272441
0.000987971022
0.001553388215
0.000795637866
0.001130643283
0.000904514627
0.001076060504
0.001095275870
0.001056845138
0.000657592530
0.000928979924
0.000928979924
0.000776270895
0.001016209172
0.000899595005
0.001079514006
0.000979559005
0.001236110173
0.000734500248
0.000734500248
0.000653229714
0.000599485023
0.000799313364
0.000527202478
0.000582903575
0.000780498008
0.000780498008
0.000907926254
0.000575883762
0.000544361727
0.000537800338
0.000790988950
0.000674285662
0.000709774381
0.000709774381
0.000395088386
0.000805052137
0.000788280218
0.000384468360
0.000780100040
0.000652447306
0.000525853053
0.000525853053
0.000474728450
0.000474728450
0.000500309986
0.000323635513
0.000415474949
0.000398702680
0.000672188689
0.000401567269
0.000401567269
0.000430250645
0.000430250645
0.000342608906
0.000277303270
0.000550714071
0.000305863196
0.000403629735
0.000414395298
0.000305926637
0.000410101581
0.000385977959
0.000331865064
0.000340382109
0.000393566813
0.000604749006
0.000326891354
0.000426126230
0.000509498753
0.022927443895
