0.016393442623
0.016671297583
0.013245688490
0.011490235799
0.009713395211
0.017594074345
0.029512640837
0.009948081181
0.015093640413
0.012840858261
0.016298012409
0.012593918680
0.028227748764
0.013866262551
0.012941845048
0.016246145911
0.012666486642
0.011302403465
0.009156377491
0.007439556711
0.009060998559
0.012029256707
0.012244064863
0.009484838978
0.008096813762
0.011924398449
0.017403176115
0.009789286565
0.006491842669
0.006491842669
0.007453597139
0.007743997027
0.009341964668
0.016088939150
0.008044469575
0.007303531588
0.005889944829
0.005889944829
0.006090738403
0.006623678013
0.022750894045
0.007253908246
0.006850913344
0.007153159520
0.009397287997
0.007578458062
0.006899790176
0.005764381666
0.006332700985
0.009636718891
0.005559645514
0.009955644293
0.005430351432
0.006765683752
0.008118820502
0.006979336923
0.006514047795
0.005056958156
0.009250533213
0.004066168445
0.004206381150
0.009043719473
0.010077287413
0.015573989638
0.005840246114
0.003735041120
0.008140474235
0.005243017304
0.004607500055
0.007130654847
0.004497797673
0.016932885356
0.003010290730
0.004186185546
0.003516395859
0.003061332865
0.008571732023
0.002793036277
0.004237710214
0.003264182192
0.005811836585
0.008016326324
0.003206530530
0.005531265164
0.003922169843
0.003715739852
0.003302879868
0.002805185641
0.003740247522
0.003197308365
0.002216316026
0.002295470170
0.002295470170
0.004826373178
0.002547252510
0.006459104580
0.002004549697
0.005070331587
0.003414713110
0.003092570363
0.002871672480
0.005849703201
0.001854783942
0.002003166657
0.007801806980
0.001733734884
0.002010127402
0.003597070088
0.002559453717
0.001919590287
0.004946636510
0.004416639741
0.001611476662
0.003179399901
0.003468436256
0.002176273729
0.001783830926
0.001244533204
0.001923369497
0.002308043396
0.001430336753
0.001177924385
0.001177924385
0.001222096549
0.001787881988
0.001787881988
0.005810616462
0.001452654115
0.001084893580
0.001762952067
0.001236697719
0.001046436531
0.001714374743
0.000950135400
0.002050292178
0.001404829826
0.000907999765
0.000907999765
0.001650908665
0.001075592009
0.002184796268
0.001472362702
0.000860471709
0.000934226427
0.000805770293
0.001201053833
0.001687967550
0.001168592919
0.002207342180
0.000786176667
0.000744798948
0.001801932938
0.001257162515
0.001466689600
0.000987194923
0.000987194923
0.000967838160
0.000967838160
0.001317335274
0.000583629552
0.000583629552
0.001069987511
0.001462316265
0.000565428956
0.001195478364
0.000527873563
0.000891519796
0.002615124734
0.000481733504
0.000821136654
0.000598455528
0.000482089175
0.000796007708
0.000445764316
0.000659731188
0.000769686386
0.000426447862
0.000420685054
0.000749024608
0.000856028123
0.001003619179
0.000562026740
0.001529961681
0.000366328853
0.000394507996
0.000345870024
0.000508217178
0.000420593526
0.000922070423
0.000329310865
0.000329310865
0.000895725554
0.000524327154
0.000428022166
0.000513626599
0.000408804844
0.000784905301
0.000258051058
0.000269270669
0.000871924072
0.000256448256
0.000613644042
0.000230116516
0.000243854815
0.000243854815
0.000220146708
0.000459718126
0.000459718126
0.000207196902
0.000604324297
0.000213837828
0.000595027000
0.000187008486
0.000645179276
0.000306460156
0.000248998877
0.000248998877
0.000168440417
0.000197991367
0.000230989928
0.000319309606
0.000148411507
0.000162325086
0.000146092577
0.000146092577
0.000177398130
0.000361366560
0.000170827829
0.000192181307
0.000167268916
0.000369385522
0.000217842744
0.000359914098
0.000465771186
0.000140610169
0.000140610169
0.000152576992
0.000269943909
0.000421787358
0.000091692904
0.000091692904
0.000130711161
0.000089741991
0.000088402558
0.000126838453
0.000089183288
0.000082625693
0.000087871769
0.000081314174
0.000086560250
0.000135389108
0.000155902610
0.000110864078
0.000077428880
0.000094129227
0.000106965030
0.000209068013
0.000137200884
0.000111927037
0.000111927037
0.000106036140
0.000106036140
0.000173513684
0.000055208899
0.000078012575
0.000097515719
0.000055951642
0.000159861835
0.000228374049
0.000047884881
0.000044938119
0.000063911992
0.000056242553
0.000064090351
0.000042059293
0.000043438286
0.000059234027
0.000059234027
0.000041463819
0.000040772755
0.000075174767
0.000035309360
0.000038900143
0.000062672452
0.000168733524
0.000168733524
0.000029461409
0.000043490651
0.000050946192
0.000026245008
0.000037085337
0.000025674464
0.000046947592
0.000027521002
0.000062747885
0.000079260486
0.000029116097
0.000069878632
0.000069878632
0.000019653365
0.000019970355
0.000020647316
0.000066530241
0.000026928907
0.000019035952
0.000017223004
0.000059323680
0.000017693027
0.000015980799
0.000017407656
0.000014729555
0.000015453959
0.000016858865
0.000015172978
0.000016577884
0.000014891997
0.000014891997
0.000020703508
0.000014528778
0.000047859503
0.000011964876
0.000013224336
0.000011754966
0.000013014426
0.000012782026
0.000011338894
0.000028819689
0.000012506657
0.000043356412
0.000035705281
0.000009365320
0.000018126425
0.000017541701
0.000010120212
0.000012903271
0.000014800811
0.000012523763
0.000009331431
0.000007648714
0.000009560893
0.000010960048
0.000014613397
0.000009016777
0.000009217150
0.000036868598
0.000007373720
0.000006569314
0.000016892521
0.000006894907
0.000007194685
0.000005995571
0.000005777550
0.000005199795
0.000005681258
0.000005681258
0.000005007210
0.000005479589
0.000004748977
0.000006367946
0.000009442127
0.000004481009
0.000011299937
0.000011299937
0.000004091356
0.000004484756
0.000005718064
0.000004645927
0.000004645927
0.000003684701
0.000005527051
0.000004755835
0.000012484066
0.000018726099
0.000002956752
0.000003184195
0.000005413131
0.000003488462
0.000002740935
0.000004433865
0.000007315877
0.000004212172
0.000004813911
0.000009283971
0.000002742991
0.000002144520
0.000002969336
0.000002624064
0.000002040939
0.000002120976
0.000001860505
0.000002815900
0.000003071890
0.000002136967
0.000003561612
0.000002204808
0.000003476812
0.000001640006
0.000005685353
0.000001421338
0.000001532816
0.000001473861
0.000001833340
0.000001629635
0.000002472550
0.000002163481
0.000001862998
0.000001304098
0.000001161833
0.000001651026
0.000001246693
0.000001360029
0.000001670893
0.000002028941
0.000001767142
0.000001060285
0.000001018705
0.000001039495
0.000002626094
0.000001277559
0.000003537856
0.000001010816
0.000000863405
0.000000943722
0.000000734006
0.000001215698
0.000002093701
0.000001186431
0.000000819202
0.000000932980
0.000000653086
0.000002000076
0.000001200046
0.000002057221
0.000000545793
0.000000545793
0.000000484006
0.000000484006
0.000000617107
0.000000617107
0.000000498938
0.000000740359
0.000000653258
0.000000743362
0.000000507662
0.000000441445
0.000000422660
0.000000720088
0.000001560191
0.000000660081
0.000000343792
0.000000394103
0.000000394103
0.000000904119
0.000000482197
0.000001271246
0.000000977882
0.000000293364
0.000000326892
0.000000336798
0.000000276347
0.000000420047
0.000000265293
0.000000208848
0.000000208848
0.000000447531
0.000000319665
0.000000253851
0.000000310263
0.000000179263
0.000000239017
0.000000318690
0.000000198104
0.000000162085
0.000000154882
0.000000158484
0.000000170675
0.000000147401
0.000000137788
0.000000163170
0.000000208182
0.000000242879
0.000000279311
0.000000189532
0.000000121842
0.000000135014
0.000000186943
0.000000203199
0.000000109034
0.000000136292
0.000000111185
0.000000114274
0.000000093014
0.000000169851
0.000000120539
0.000000164372
0.000000138073
0.000000103554
0.000000091720
0.000000061146
0.000000061146
0.000002996173
