500
55 1 0
101 1 0
205 1 0
516 1 0
791 1 0
844 1 0
995 1 0
1061 1 0
1588 1 0
1898 1 0
1979 1 0
2327 1 0
2538 1 0
2718 1 0
2790 1 0
2977 1 0
3095 1 0
3335 1 0
3698 1 0
4029 1 0
4197 1 0
4499 1 0
4549 1 0
4774 1 0
4866 1 0
5187 1 0
5288 1 0
5444 1 0
5781 1 0
5851 1 0
5995 1 0
6064 1 0
6069 1 0
6147 1 0
6220 1 0
6503 1 0
6505 1 0
6537 1 0
6580 1 0
7445 1 0
7753 1 0
8181 1 0
8195 1 0
8391 1 0
8478 1 0
8524 1 0
8554 1 0
8963 1 0
8997 1 0
9282 1 0
9584 1 0
9673 1 0
9799 1 0
9930 1 0
9934 1 0
10269 1 0
10542 1 0
10590 1 0
10785 1 0
11045 1 0
11094 1 0
11465 1 0
11509 1 0
11806 1 0
12029 1 0
12087 1 0
12097 1 0
12233 1 0
12298 1 0
12379 1 0
12475 1 0
12601 1 0
12713 1 0
12754 1 0
12825 1 0
12939 1 0
13778 1 0
13966 1 0
14214 1 0
14404 1 0
14435 1 0
14559 1 0
15162 1 0
15331 1 0
15704 1 0
16003 1 0
16433 1 0
16449 1 0
16816 1 0
16920 1 0
17719 1 0
17975 1 0
18940 1 0
19186 1 0
19243 1 0
19249 1 0
19461 1 0
19609 1 0
19730 1 0
20256 1 0
20346 1 0
20514 1 0
20909 1 0
21265 1 0
21559 1 0
22153 1 0
22455 1 0
22797 1 0
22819 1 0
23283 1 0
23312 1 0
23375 1 0
23426 1 0
23836 1 0
24134 1 0
24529 1 0
24532 1 0
24593 1 0
24632 1 0
24764 1 0
24999 1 0
25041 1 0
25293 1 0
25556 1 0
25718 1 0
25963 1 0
26137 1 0
26370 1 0
26916 1 0
27404 1 0
27794 1 0
27946 1 0
27979 1 0
28076 1 0
28114 1 0
28393 1 0
28454 1 0
28925 1 0
29213 1 0
29492 1 0
29573 1 0
29797 1 0
30064 1 0
30148 1 0
30154 1 0
30318 1 0
30327 1 0
30433 1 0
30462 1 0
30680 1 0
31081 1 0
31328 1 0
31481 1 0
31739 1 0
31831 1 0
32005 1 0
32422 1 0
32522 1 0
32530 1 0
32785 1 0
32820 1 0
33359 1 0
33431 1 0
33450 1 0
33461 1 0
33962 1 0
34081 1 0
34133 1 0
34163 1 0
34264 1 0
34865 1 0
35034 1 0
35142 1 0
35300 1 0
35448 1 0
35783 1 0
35797 1 0
36065 1 0
36127 1 0
36148 1 0
36178 1 0
36300 1 0
36930 1 0
36934 1 0
37147 1 0
37244 1 0
37298 1 0
37331 1 0
37552 1 0
38016 1 0
38146 1 0
38393 1 0
38505 1 0
38994 1 0
39479 1 0
39531 1 0
39540 1 0
39609 1 0
40180 1 0
40201 1 0
40451 1 0
40675 1 0
40708 1 0
40728 1 0
40750 1 0
40862 1 0
40931 1 0
40963 1 0
41283 1 0
41317 1 0
41341 1 0
41494 1 0
41575 1 0
41758 1 0
42007 1 0
42173 1 0
42343 1 0
42376 1 0
42383 1 0
43197 1 0
43255 1 0
43702 1 0
43911 1 0
44008 1 0
44152 1 0
44192 1 0
44423 1 0
44458 1 0
44617 1 0
44619 1 0
44887 1 0
44908 1 0
44993 1 0
45175 1 0
45272 1 0
45315 1 0
45393 1 0
45408 1 0
45876 1 0
45980 1 0
46094 1 0
46270 1 0
46466 1 0
46483 1 0
46659 1 0
47336 1 0
47523 1 0
47584 1 0
47626 1 0
47653 1 0
47997 1 0
48219 1 0
48418 1 0
48593 1 0
48880 1 0
48955 1 0
49298 1 0
49381 1 0
49402 1 0
49883 1 0
50477 1 0
50503 1 0
50590 1 0
51033 1 0
51895 1 0
51967 1 0
51978 1 0
52134 1 0
52308 1 0
52626 1 0
52780 1 0
53295 1 0
53329 1 0
53754 1 0
53814 1 0
54100 1 0
54443 1 0
55179 1 0
55362 1 0
55471 1 0
55648 1 0
55926 1 0
55936 1 0
56012 1 0
56105 1 0
56309 1 0
56515 1 0
56560 1 0
56571 1 0
56577 1 0
56911 1 0
56991 1 0
57025 1 0
57177 1 0
57182 1 0
57200 1 0
57306 1 0
57686 1 0
57894 1 0
58237 1 0
58516 1 0
58603 1 0
58824 1 0
58963 1 0
59251 1 0
59254 1 0
59518 1 0
59555 1 0
59787 1 0
59952 1 0
59958 1 0
60161 1 0
60571 1 0
60686 1 0
61045 1 0
61058 1 0
61345 1 0
61448 1 0
61871 1 0
61924 1 0
61957 1 0
62535 1 0
62600 1 0
62619 1 0
62630 1 0
62699 1 0
62775 1 0
62993 1 0
63161 1 0
63221 1 0
63580 1 0
64097 1 0
64147 1 0
64592 1 0
64645 1 0
64710 1 0
64910 1 0
65097 1 0
65204 1 0
65973 1 0
65984 1 0
66018 1 0
66037 1 0
66451 1 0
66500 1 0
67162 1 0
67225 1 0
67244 1 0
67271 1 0
67510 1 0
67757 1 0
67798 1 0
68018 1 0
68088 1 0
68211 1 0
68239 1 0
69185 1 0
69299 1 0
69704 1 0
69748 1 0
70030 1 0
70330 1 0
70453 1 0
70562 1 0
70697 1 0
70721 1 0
70740 1 0
71116 1 0
71165 1 0
71337 1 0
71436 1 0
71486 1 0
71781 1 0
72004 1 0
72510 1 0
72651 1 0
73256 1 0
73592 1 0
73686 1 0
73745 1 0
73919 1 0
74006 1 0
74270 1 0
74650 1 0
75197 1 0
75214 1 0
75239 1 0
75270 1 0
75351 1 0
75485 1 0
75705 1 0
75903 1 0
75920 1 0
76196 1 0
76247 1 0
76410 1 0
76797 1 0
76904 1 0
77416 1 0
77575 1 0
78135 1 0
78157 1 0
78203 1 0
78216 1 0
78226 1 0
78293 1 0
78479 1 0
78522 1 0
78676 1 0
78731 1 0
78835 1 0
79121 1 0
79412 1 0
79461 1 0
79517 1 0
79616 1 0
79660 1 0
79982 1 0
80177 1 0
80539 1 0
80625 1 0
80693 1 0
80806 1 0
80915 1 0
81279 1 0
81913 1 0
82113 1 0
82285 1 0
82362 1 0
82382 1 0
82747 1 0
82775 1 0
82844 1 0
82938 1 0
83209 1 0
83949 1 0
84160 1 0
84770 1 0
84860 1 0
85240 1 0
85965 1 0
86198 1 0
86328 1 0
86596 1 0
86635 1 0
86992 1 0
87043 1 0
87087 1 0
87994 1 0
88381 1 0
88616 1 0
88766 1 0
88768 1 0
88851 1 0
88906 1 0
89005 1 0
89426 1 0
89434 1 0
89527 1 0
89687 1 0
90029 1 0
90145 1 0
90252 1 0
90451 1 0
90924 1 0
91099 1 0
91150 1 0
91912 1 0
92046 1 0
92140 1 0
93104 1 0
93351 1 0
93619 1 0
93625 1 0
93759 1 0
93790 1 0
93876 1 0
94308 1 0
94355 1 0
94365 1 0
94407 1 0
94739 1 0
95183 1 0
95742 1 0
95808 1 0
96348 1 0
96792 1 0
97209 1 0
97328 1 0
97810 1 0
98195 1 0
98296 1 0
98303 1 0
98531 1 0
98696 1 0
98901 1 0
99103 1 0
99193 1 0
99196 1 0
99511 1 0
