500
36 1 85
467 1 83
474 1 84
678 1 94
1077 1 94
1242 1 91
1560 1 86
2041 1 88
2078 1 97
2384 1 97
2415 1 95
2565 1 95
2766 1 94
3035 1 89
3878 1 83
4078 1 83
4164 1 92
4476 1 86
4721 1 80
4780 1 85
5244 1 80
5321 1 90
5755 1 89
5915 1 93
5923 1 96
6542 1 98
7041 1 80
7054 1 90
7297 1 83
8222 1 84
8239 1 93
8310 1 92
8911 1 92
9055 1 83
9587 1 92
9866 1 88
9879 1 79
9881 1 91
10014 1 90
10114 1 80
10130 1 82
10262 1 95
10306 1 80
10363 1 97
10397 1 89
10432 1 80
11149 1 83
11284 1 90
11639 1 90
11730 1 88
11748 1 89
11951 1 94
11969 1 85
12348 1 91
12487 1 82
12877 1 81
13450 1 80
13612 1 82
13851 1 89
14167 1 83
14380 1 88
14424 1 90
14789 1 90
14885 1 96
15185 1 81
15206 1 96
16564 1 94
16852 1 82
17135 1 95
17750 1 91
17830 1 88
17935 1 79
18042 1 94
18124 1 91
18179 1 88
18457 1 82
18620 1 89
18824 1 89
18835 1 98
18849 1 84
19338 1 96
19805 1 83
19862 1 84
20094 1 90
20361 1 85
20488 1 87
20603 1 98
20674 1 97
20939 1 88
21521 1 85
21597 1 98
21838 1 88
22464 1 82
22584 1 80
22665 1 87
22758 1 85
23043 1 97
23946 1 87
24039 1 91
24247 1 89
24275 1 82
24369 1 94
24536 1 94
24618 1 83
24690 1 89
24871 1 85
24880 1 89
25133 1 81
25168 1 85
25352 1 91
26318 1 90
26338 1 82
26356 1 82
26469 1 94
27211 1 94
27262 1 96
27379 1 91
27587 1 82
27622 1 98
27843 1 98
28021 1 92
29144 1 94
29392 1 94
29650 1 84
29883 1 97
30295 1 88
30590 1 96
30712 1 85
31117 1 81
31161 1 85
31167 1 86
31293 1 93
31349 1 87
31446 1 87
32016 1 86
32032 1 87
32056 1 94
32189 1 87
32276 1 98
33054 1 86
33377 1 95
33835 1 98
33973 1 94
34138 1 79
34330 1 93
34405 1 83
34525 1 93
34731 1 84
34761 1 86
34854 1 85
34906 1 94
35060 1 85
35516 1 90
35708 1 82
35833 1 83
35835 1 89
36071 1 96
36255 1 81
36570 1 83
37023 1 85
37083 1 88
37179 1 93
37315 1 88
37448 1 98
37583 1 79
38151 1 92
38259 1 92
38270 1 97
38476 1 88
38746 1 84
38885 1 91
39100 1 86
39375 1 81
39419 1 91
39676 1 84
39798 1 86
40133 1 97
40143 1 81
40429 1 81
40464 1 93
40758 1 85
41038 1 94
41233 1 87
41364 1 82
41453 1 82
41589 1 84
41965 1 82
42168 1 80
42183 1 83
42285 1 90
42632 1 94
43514 1 84
43619 1 89
44254 1 84
44339 1 79
44601 1 94
44791 1 80
44794 1 94
45212 1 93
45437 1 85
45821 1 96
46529 1 97
46653 1 87
46801 1 96
47111 1 82
47574 1 88
49081 1 88
49450 1 85
49498 1 92
49714 1 93
49720 1 84
49766 1 93
49969 1 79
50746 1 81
50783 1 87
51849 1 86
51897 1 88
51985 1 79
52277 1 89
52387 1 97
52399 1 89
52734 1 79
52756 1 87
52913 1 79
52978 1 89
53088 1 94
53193 1 94
53283 1 88
53430 1 90
53759 1 91
53826 1 93
53828 1 90
53840 1 98
53962 1 94
54279 1 89
54639 1 94
54728 1 95
54799 1 80
55123 1 97
55408 1 91
55447 1 98
55576 1 94
55900 1 94
55996 1 87
56049 1 84
56068 1 88
56126 1 96
56337 1 93
56693 1 92
56809 1 80
56976 1 91
56986 1 85
57011 1 89
57054 1 92
57335 1 95
57399 1 87
57401 1 79
57426 1 90
57509 1 79
57563 1 95
58090 1 79
58185 1 83
58498 1 87
58747 1 84
59035 1 83
59109 1 92
59797 1 85
59905 1 88
59972 1 92
60153 1 94
60167 1 90
60332 1 86
60351 1 96
60410 1 96
60616 1 82
60960 1 94
60967 1 83
61223 1 82
61312 1 79
61386 1 91
61641 1 95
61819 1 94
61881 1 89
62088 1 98
62620 1 85
62726 1 85
62812 1 83
62855 1 83
63301 1 85
63432 1 87
63806 1 84
63946 1 97
64043 1 83
64094 1 86
64497 1 81
64609 1 96
64790 1 87
64941 1 95
66043 1 86
66352 1 87
66492 1 93
66563 1 93
66753 1 86
66854 1 87
66907 1 86
67224 1 83
67261 1 86
67467 1 95
68133 1 80
68201 1 82
68939 1 97
69029 1 93
69144 1 81
69564 1 94
69642 1 81
69891 1 88
69919 1 91
70023 1 93
70422 1 85
70637 1 82
70675 1 98
70727 1 94
70740 1 86
70764 1 84
70853 1 81
71212 1 88
71242 1 79
71362 1 95
71589 1 87
71757 1 96
71887 1 86
72011 1 97
72195 1 95
72406 1 87
72777 1 95
72906 1 85
73039 1 98
73256 1 80
73664 1 91
73855 1 86
73926 1 88
73966 1 98
73986 1 84
74292 1 91
74431 1 85
74680 1 81
75111 1 83
75182 1 90
75478 1 81
75678 1 82
75846 1 92
75883 1 94
76059 1 80
76404 1 95
76460 1 96
77075 1 92
77081 1 86
77085 1 87
77764 1 82
78093 1 82
78422 1 97
78632 1 98
78814 1 93
79360 1 95
79365 1 82
79446 1 96
80190 1 81
80343 1 82
80590 1 88
80600 1 85
80699 1 91
80721 1 97
80726 1 84
81091 1 85
81317 1 94
81364 1 85
81458 1 96
81547 1 79
81759 1 96
81837 1 97
81900 1 79
82245 1 86
82540 1 90
82658 1 89
82869 1 82
83131 1 79
83325 1 96
83433 1 80
83624 1 98
83630 1 81
83671 1 88
83742 1 98
83779 1 96
83794 1 89
83907 1 81
84324 1 91
84472 1 91
84791 1 85
84944 1 88
85224 1 97
85665 1 81
85830 1 92
85936 1 86
85995 1 91
86375 1 93
86517 1 88
86758 1 93
86937 1 96
87210 1 82
87371 1 83
87597 1 81
87625 1 97
87694 1 83
87869 1 80
87907 1 80
87968 1 87
88195 1 96
88746 1 81
88861 1 83
89112 1 82
89144 1 92
89236 1 85
89264 1 98
89375 1 92
89579 1 89
90006 1 90
90024 1 96
90028 1 94
90096 1 81
90379 1 87
90515 1 92
90884 1 90
90967 1 97
91051 1 79
91067 1 97
91262 1 86
91662 1 79
92000 1 82
92067 1 82
92113 1 81
92126 1 79
92209 1 94
92306 1 82
92432 1 85
92525 1 90
92861 1 88
93693 1 85
93782 1 91
93815 1 95
94020 1 90
94071 1 88
94220 1 83
94275 1 91
94425 1 89
94435 1 81
94595 1 84
94615 1 94
94627 1 97
94678 1 85
94717 1 96
94736 1 84
94890 1 95
94903 1 88
94997 1 89
95092 1 92
95317 1 92
95408 1 85
95572 1 89
95608 1 80
95804 1 86
95810 1 91
95906 1 98
95928 1 81
95931 1 83
96325 1 88
96336 1 81
96360 1 90
96419 1 84
97201 1 96
97358 1 85
97736 1 87
97900 1 98
97914 1 80
98102 1 96
98192 1 89
98202 1 86
98309 1 97
98327 1 98
98441 1 82
98508 1 95
98564 1 83
98621 1 79
98626 1 93
98709 1 86
98796 1 91
99098 1 82
99229 1 96
99735 1 89
99761 1 95
99944 1 86
