0.012658227848
0.010178781156
0.010178781156
0.011650412167
0.010734087614
0.010734087614
0.011972636185
0.010596471106
0.011113372136
0.010467245849
0.011554751911
0.010331307591
0.011888079968
0.009009913239
0.010455948697
0.011617720774
0.010853397039
0.008659625297
0.010737935369
0.009459609730
0.008442447393
0.010496015678
0.009577614306
0.010364815482
0.009446414110
0.010377750712
0.010377750712
0.007783313034
0.007783313034
0.007783313034
0.008880959744
0.000000000000
0.009910636236
0.007572171506
0.008653910293
0.009672017386
0.009000349512
0.007261645629
0.009429301041
0.007497998418
0.007067078969
0.008560123821
0.007307422774
0.007788174273
0.008850198037
0.007670171632
0.000000000000
0.006599915125
0.006925836860
0.008524106905
0.007793469170
0.007793469170
0.007161566264
0.006150521615
0.007597703172
0.000000000000
0.006060072768
0.007507254324
0.000000000000
0.006193484818
0.007413413645
0.007529248234
0.007297579057
0.007413413645
0.007413413645
0.007413413645
0.005630440743
0.006016087370
0.005218774586
0.007132325267
0.006575112356
0.005753223311
0.005753223311
0.006825858166
0.004828046020
0.006742615993
0.004927296303
0.000000000000
0.005420025933
0.004856906355
0.006475875140
0.000000000000
0.005756333458
0.006373083472
0.000000000000
0.005653541789
0.005653541789
0.000000000000
0.004187808733
0.004408219719
0.006011208707
0.005410087837
0.004255935765
0.004564336907
0.005747683513
0.004116584138
0.003756383026
0.003756383026
0.004013669534
0.004898037398
0.000000000000
0.004177737780
0.003887617101
0.003887617101
0.003887617101
0.004624923793
0.003379752002
0.003884192600
0.003329307943
0.004774101955
0.000000000000
0.004355321082
0.004690345781
0.003466777316
0.004622369755
0.003041032734
0.000000000000
0.003041032734
0.004018507541
0.004420358295
0.000000000000
0.004420358295
0.003214806033
0.003072976355
0.003167529473
0.003685852478
0.003109938028
0.002647649943
0.003579230479
0.002598619389
0.002969850730
0.002969850730
0.002703893948
0.002925524599
0.000000000000
0.003311914641
0.003311914641
0.000000000000
0.000000000000
0.003311914641
0.000000000000
0.000000000000
0.000000000000
0.000000000000
0.002509026243
0.002509026243
0.002230245549
0.002639123900
0.002432942345
0.000000000000
0.002432942345
0.000000000000
0.000000000000
0.003142550530
0.000000000000
0.002953997498
0.002038674329
0.000000000000
0.002301729082
0.002987350510
0.002804451499
0.002281587660
0.000000000000
0.002756918423
0.002234054584
0.000000000000
0.000000000000
0.002087559202
0.000000000000
0.000000000000
0.000000000000
0.002087559202
0.002160806893
0.000000000000
0.000000000000
0.002050935356
0.002585961971
0.002078005155
0.002078005155
0.001603032548
0.002457983240
0.001567409603
0.002267741553
0.001534060462
0.001772104327
0.001772104327
0.001481161826
0.001745655009
0.001745655009
0.002142394783
0.002142394783
0.001363342135
0.002109934256
0.001330881608
0.000000000000
0.000000000000
0.001851661367
0.000000000000
0.000000000000
0.000000000000
0.000000000000
0.001301949399
0.001518940965
0.000000000000
0.001518940965
0.001462683893
0.001722716585
0.000000000000
0.000000000000
0.001203167139
0.000000000000
0.001434545434
0.001434545434
0.001353344749
0.000000000000
0.001407478539
0.001407478539
0.000000000000
0.001299210959
0.001068705789
0.001068705789
0.000000000000
0.001563959692
0.000000000000
0.000000000000
0.000000000000
0.000000000000
0.000000000000
0.000000000000
0.000000000000
0.001226635052
0.000000000000
0.001022195877
0.001256449099
0.001476327691
0.000000000000
0.000975877626
0.000000000000
0.000000000000
0.000975877626
0.000975877626
0.000975877626
0.001376237678
0.000000000000
0.001188568904
0.000000000000
0.000000000000
0.000929244779
0.001003584362
0.000000000000
0.000910659884
0.001122441252
0.000000000000
0.000889481747
0.000000000000
0.000943939813
0.000943939813
0.000000000000
0.000853176369
0.000000000000
0.001145052496
0.000830724360
0.000000000000
0.000000000000
0.000000000000
0.000830724360
0.000866074332
0.000813049373
0.000000000000
0.000929199284
0.000000000000
0.000828199362
0.000828199362
0.000000000000
0.000000000000
0.000000000000
0.000000000000
0.000000000000
0.000000000000
0.000000000000
0.000000000000
0.000775335573
0.000775335573
0.000942975696
0.000827978660
0.000689982217
0.000810729105
0.000878289864
0.000683114338
0.000000000000
0.000770693100
0.000623113570
0.000000000000
0.000651436914
0.000636631530
0.000000000000
0.000595112082
0.000000000000
0.000622791714
0.000000000000
0.000688348736
0.000000000000
0.000000000000
0.000727682950
0.000575377216
0.000653130894
0.000000000000
0.000000000000
0.000522504715
0.000522504715
0.000660814787
0.000000000000
0.000000000000
0.000660814787
0.000491769144
0.000491769144
0.000480060355
0.000000000000
0.000000000000
0.000480060355
0.000000000000
0.000468351565
0.000000000000
0.000000000000
0.000468351565
0.000434897882
0.000457200338
0.000434340321
0.000000000000
0.000000000000
0.000434340321
0.000000000000
0.000434340321
0.000502205996
0.000000000000
0.000000000000
0.000502205996
0.000407194051
0.000407194051
0.000475059726
0.000000000000
0.000000000000
0.000336017855
0.000000000000
0.000000000000
0.000353703005
0.000363528089
0.000438740797
0.000350992637
0.000000000000
0.000000000000
0.000000000000
0.000000000000
0.000000000000
0.000426205345
0.000000000000
0.000426205345
0.000000000000
0.000000000000
0.000000000000
0.000000000000
0.000000000000
0.000426205345
0.000313386283
0.000000000000
0.000000000000
0.000295478496
0.000000000000
0.000000000000
0.000000000000
0.000304432389
0.000243545912
0.000000000000
0.000279361487
0.000000000000
0.000000000000
0.000000000000
0.000000000000
0.000000000000
0.000000000000
0.000000000000
0.000000000000
0.000000000000
0.000000000000
0.000000000000
0.000000000000
0.000279361487
0.000000000000
0.000000000000
0.000000000000
0.000357582703
0.000000000000
0.000231945537
0.000000000000
0.000000000000
0.000000000000
0.000000000000
0.000000000000
0.000000000000
0.000000000000
0.000000000000
0.000000000000
0.000000000000
0.000000000000
0.000000000000
0.000000000000
0.000000000000
0.000000000000
0.000000000000
0.000000000000
0.000000000000
0.000000000000
0.000000000000
0.000000000000
0.000000000000
0.000000000000
0.000000000000
0.000214103573
0.000000000000
0.000000000000
0.000000000000
0.000000000000
0.000338997324
0.000000000000
0.000000000000
0.000243654326
0.000000000000
0.000000000000
0.000243654326
0.000000000000
0.000317809991
0.000183995258
0.000000000000
0.000309446570
0.000203074312
0.000000000000
0.000000000000
0.000299776365
0.000193404106
0.000000000000
0.000000000000
0.000156814140
0.000000000000
0.000000000000
0.000000000000
0.000156814140
0.000152458192
0.000000000000
0.000000000000
0.000266801836
0.000000000000
0.000000000000
0.000000000000
0.000000000000
0.000000000000
0.000000000000
0.000000000000
0.000000000000
0.000000000000
0.000266801836
0.000000000000
0.000266801836
0.000000000000
0.000000000000
0.000000000000
0.000000000000
0.000000000000
0.000000000000
0.000000000000
0.000000000000
0.000000000000
0.000151187707
0.000000000000
0.000000000000
0.000125269814
0.000125269814
0.000142548409
0.000142548409
0.000000000000
0.000109965916
0.000138475598
0.000105893104
0.000000000000
0.000116482415
0.000102363334
0.000000000000
0.000000000000
0.000000000000
0.000192683923
0.000118574722
0.000000000000
0.000000000000
0.000000000000
0.000000000000
0.000000000000
0.000000000000
0.000000000000
0.000000000000
0.000000000000
0.000092636501
0.002871731541
