500
1 1 78
28 1 96
60 1 96
570 1 82
716 1 88
886 1 88
1030 1 78
1092 1 88
1120 1 82
1122 1 88
1327 1 78
1926 1 88
2054 1 72
2256 1 96
2351 1 82
2529 1 72
2733 1 78
2882 1 96
3105 1 78
3110 1 88
3120 1 96
3152 1 78
3435 1 82
3454 1 78
3500 1 82
3717 1 72
3868 1 72
4014 1 96
4167 1 96
4188 1 96
4240 1 82
4388 1 82
4413 1 72
4872 1 96
5003 1 82
5249 1 72
5437 1 78
5586 1 96
5903 1 72
6000 1 88
6329 1 96
6388 1 78
6518 1 88
6682 1 82
6790 1 72
7134 1 82
7221 1 72
7768 1 96
7871 1 88
8131 1 72
8297 1 78
8645 1 78
8842 1 82
9559 1 96
9659 1 78
9724 1 96
9801 1 96
10154 1 78
10633 1 78
10643 1 88
10727 1 78
10775 1 72
10781 1 78
10968 1 72
11259 1 72
11276 1 72
11525 1 88
11917 1 82
12008 1 96
12033 1 72
12037 1 78
12102 1 82
12108 1 82
12392 1 72
12839 1 96
12854 1 72
13187 1 88
13322 1 82
13707 1 82
13765 1 88
13921 1 72
14184 1 96
14309 1 78
14406 1 72
14436 1 72
14506 1 78
14613 1 78
14739 1 82
14762 1 96
14764 1 88
15157 1 72
15264 1 78
15480 1 88
15499 1 82
15987 1 72
16200 1 88
16275 1 96
16291 1 96
16418 1 88
17459 1 78
17503 1 88
18092 1 82
18268 1 88
18484 1 88
18552 1 88
18572 1 78
18807 1 96
18834 1 82
18867 1 96
19495 1 72
19913 1 82
20015 1 78
20159 1 72
20270 1 88
20845 1 72
20884 1 96
21278 1 96
21548 1 96
21643 1 78
21656 1 72
21901 1 96
21908 1 72
22552 1 82
22874 1 88
23225 1 82
23267 1 78
23502 1 82
23927 1 96
24138 1 78
24184 1 96
24659 1 82
25234 1 82
25321 1 88
25344 1 82
25472 1 78
26035 1 78
26076 1 78
26099 1 78
26278 1 88
26301 1 78
26601 1 78
26729 1 72
27276 1 72
27314 1 96
27356 1 88
27424 1 88
27595 1 96
27622 1 82
27891 1 88
27998 1 82
28142 1 88
28246 1 78
28291 1 72
28539 1 72
28652 1 88
29029 1 78
29339 1 96
29747 1 88
30022 1 88
30982 1 72
30991 1 78
31527 1 82
31964 1 72
32004 1 78
32072 1 82
32296 1 72
32549 1 82
32662 1 88
32706 1 78
32722 1 88
33142 1 78
33394 1 88
33449 1 82
33816 1 72
34008 1 82
34165 1 88
34346 1 72
35106 1 82
35114 1 82
35752 1 96
35765 1 72
36094 1 96
36668 1 78
36730 1 96
36805 1 88
36812 1 88
36883 1 96
37211 1 88
37283 1 88
37327 1 72
37332 1 72
37333 1 96
37743 1 72
38376 1 96
38775 1 78
38818 1 96
39076 1 78
39554 1 72
39600 1 78
39636 1 96
39754 1 78
40133 1 96
40301 1 82
40570 1 96
40612 1 82
40701 1 88
40783 1 78
40800 1 72
41061 1 82
41265 1 96
41326 1 72
42192 1 82
42226 1 82
42300 1 88
42853 1 72
43249 1 82
43810 1 82
44443 1 96
44467 1 88
44507 1 96
44611 1 96
44850 1 88
44949 1 72
45077 1 82
45334 1 88
45366 1 72
45469 1 78
45525 1 78
45693 1 72
45789 1 72
46318 1 88
46494 1 96
46571 1 96
47366 1 82
47488 1 72
47844 1 96
48018 1 96
48256 1 96
48625 1 82
48745 1 96
48918 1 96
49031 1 96
49095 1 72
49110 1 72
49134 1 78
49223 1 78
49246 1 72
49960 1 96
50059 1 88
50208 1 88
50452 1 96
51088 1 78
51110 1 88
51181 1 96
51957 1 72
52279 1 88
52313 1 88
52468 1 72
52518 1 96
53623 1 82
53632 1 72
53902 1 96
53922 1 72
54077 1 78
54197 1 82
54374 1 96
54400 1 82
54460 1 96
54512 1 72
55004 1 78
55013 1 78
55045 1 82
55258 1 82
55527 1 72
55627 1 88
55729 1 88
55769 1 82
55895 1 72
55967 1 82
56278 1 72
56322 1 96
56324 1 88
56562 1 88
56685 1 72
56853 1 78
57021 1 96
57043 1 78
57370 1 72
57547 1 88
58022 1 88
58159 1 78
58274 1 96
58558 1 96
58567 1 88
58967 1 82
58970 1 78
59385 1 96
59675 1 88
59759 1 82
60260 1 82
60337 1 78
60478 1 96
60762 1 96
61481 1 72
62024 1 88
62361 1 78
62589 1 82
62612 1 72
62890 1 96
63270 1 96
63307 1 72
63484 1 72
63671 1 78
63932 1 72
64047 1 96
64182 1 88
64476 1 96
64547 1 72
64578 1 72
64585 1 96
64633 1 96
65141 1 88
65164 1 72
65363 1 88
65371 1 96
65662 1 82
66465 1 96
66592 1 88
66703 1 72
66965 1 72
67027 1 88
67125 1 72
67266 1 88
67421 1 72
67572 1 72
68034 1 96
68304 1 72
68402 1 88
68860 1 78
68968 1 72
69181 1 72
69382 1 78
69492 1 82
69713 1 82
69714 1 72
69782 1 96
69822 1 88
69893 1 72
70064 1 78
70079 1 88
70148 1 96
70183 1 72
70295 1 72
70630 1 72
70991 1 72
71557 1 72
71561 1 72
71728 1 82
71888 1 96
71995 1 88
71997 1 88
72051 1 72
72428 1 72
72481 1 78
72620 1 96
72875 1 72
73342 1 88
73550 1 82
73972 1 88
74036 1 82
74185 1 78
74253 1 82
74282 1 96
74426 1 88
74480 1 82
74728 1 88
74906 1 96
75020 1 78
75086 1 88
75157 1 72
75386 1 72
75466 1 78
75597 1 88
75847 1 88
76238 1 96
76554 1 72
76732 1 88
77247 1 88
77575 1 72
77607 1 88
77717 1 72
77744 1 82
78084 1 96
78773 1 78
78809 1 88
79000 1 88
79071 1 72
79129 1 78
79197 1 96
79228 1 82
79277 1 88
79360 1 82
79501 1 82
79885 1 88
80123 1 78
80464 1 96
80681 1 72
81036 1 82
81437 1 72
81450 1 78
81787 1 82
81859 1 82
81937 1 96
82072 1 96
82285 1 96
82345 1 82
82414 1 96
82469 1 82
82484 1 72
82524 1 88
83293 1 82
83435 1 72
83608 1 72
83647 1 78
83738 1 96
84290 1 88
84554 1 78
84778 1 72
85110 1 88
85465 1 88
85700 1 72
86059 1 82
86118 1 72
86272 1 72
86774 1 78
87049 1 72
87424 1 78
87554 1 72
87638 1 78
88030 1 78
88039 1 96
88073 1 82
88326 1 78
88439 1 82
88645 1 88
88666 1 82
88943 1 96
88975 1 72
89092 1 96
89524 1 72
89741 1 96
89858 1 72
90183 1 78
90227 1 82
90541 1 78
90588 1 78
90662 1 96
90981 1 96
91143 1 82
91166 1 72
91457 1 78
91521 1 72
91830 1 88
91928 1 88
92074 1 82
92082 1 72
92232 1 72
92472 1 78
92499 1 88
93205 1 96
93225 1 96
93554 1 78
93693 1 96
93783 1 72
94013 1 82
94229 1 82
94668 1 78
94867 1 78
95012 1 78
95102 1 96
95243 1 78
95611 1 96
95773 1 96
95828 1 88
95943 1 82
96121 1 82
96139 1 78
96319 1 72
97095 1 72
97137 1 78
97232 1 88
97724 1 96
98272 1 78
98329 1 82
98352 1 78
98401 1 96
98529 1 82
99051 1 82
99584 1 72
99653 1 82
