500
331 1 63
458 1 80
508 1 24
635 1 48
1187 1 93
1197 1 92
1243 1 99
1564 1 94
2371 1 90
2442 1 98
3272 1 87
3363 1 96
3469 1 78
3688 1 72
3705 1 78
3763 1 96
3934 1 82
4006 1 82
4070 1 96
4102 1 82
4116 1 78
4282 1 88
4312 1 82
4332 1 88
4581 1 78
4732 1 72
4996 1 78
5482 1 78
5606 1 96
5966 1 96
6006 1 82
6295 1 88
6300 1 82
6337 1 88
6563 1 78
6701 1 82
7070 1 72
7292 1 88
7400 1 88
8018 1 78
8046 1 72
8096 1 82
8487 1 78
8648 1 96
8915 1 72
9067 1 96
9073 1 78
9195 1 82
9569 1 88
9770 1 78
9807 1 82
9828 1 78
9997 1 96
10329 1 96
10391 1 88
10634 1 78
10937 1 88
11097 1 82
11356 1 72
11600 1 82
11607 1 96
11751 1 72
11819 1 88
11998 1 82
12075 1 82
12271 1 82
12648 1 96
12722 1 78
12991 1 88
13054 1 82
13196 1 78
13203 1 82
13272 1 72
13641 1 96
13651 1 96
13733 1 78
13995 1 96
14124 1 72
14160 1 78
14388 1 72
14495 1 88
14515 1 72
14539 1 96
14886 1 82
14896 1 96
14897 1 78
15349 1 78
16197 1 78
16260 1 82
16637 1 78
16761 1 96
16994 1 82
17069 1 82
17121 1 72
17174 1 96
17225 1 88
17527 1 88
17589 1 88
17633 1 96
17662 1 82
17845 1 82
17942 1 88
17992 1 96
18001 1 78
18450 1 88
19101 1 82
19308 1 82
19310 1 78
19372 1 78
19493 1 96
19876 1 78
20222 1 78
20472 1 72
20617 1 82
20980 1 78
21086 1 72
21839 1 72
21928 1 88
21942 1 78
22058 1 88
22067 1 82
22544 1 72
23233 1 88
23564 1 96
23791 1 82
23864 1 82
24052 1 78
24666 1 82
25060 1 96
25334 1 78
26001 1 78
26041 1 72
26467 1 96
26644 1 96
26709 1 78
26736 1 96
26979 1 72
27595 1 78
27639 1 72
27643 1 82
27715 1 88
27918 1 82
28330 1 78
28507 1 96
28525 1 88
28838 1 88
29152 1 78
29227 1 88
29317 1 82
29580 1 88
30137 1 96
30156 1 78
30409 1 88
30484 1 78
30734 1 78
30774 1 96
31663 1 96
31695 1 88
32341 1 88
32424 1 78
32569 1 72
32598 1 78
32614 1 78
32631 1 82
32730 1 78
33266 1 72
33291 1 82
33430 1 88
33497 1 78
33551 1 82
33741 1 78
34280 1 72
34358 1 88
34385 1 78
34508 1 88
34523 1 82
34671 1 88
34786 1 78
35272 1 78
35313 1 72
35892 1 88
35927 1 72
36191 1 88
36558 1 96
36560 1 72
37043 1 78
37292 1 72
37554 1 82
37981 1 88
38280 1 82
38417 1 72
38734 1 78
39116 1 78
39875 1 88
40062 1 96
40457 1 82
40537 1 82
41170 1 88
41204 1 82
41516 1 72
41623 1 88
42591 1 88
42622 1 96
42699 1 78
43179 1 78
43468 1 72
43606 1 82
43867 1 96
44058 1 82
44387 1 82
44526 1 96
44589 1 72
44595 1 78
44883 1 82
44931 1 78
45245 1 96
45485 1 72
45500 1 72
45593 1 72
45619 1 78
45788 1 96
45838 1 78
45858 1 82
45964 1 78
46430 1 82
46696 1 96
47066 1 72
47100 1 78
47122 1 82
47442 1 96
47459 1 82
47850 1 96
47927 1 82
47979 1 78
48207 1 88
48425 1 82
48441 1 88
48507 1 72
48623 1 88
48697 1 96
48922 1 88
48924 1 88
49068 1 82
49173 1 96
49206 1 96
49633 1 88
49715 1 96
49942 1 78
49989 1 82
51539 1 88
52069 1 88
52309 1 88
52669 1 96
53020 1 78
53113 1 88
53253 1 88
53286 1 96
53395 1 78
53463 1 88
53973 1 82
53987 1 96
54013 1 82
54056 1 78
54144 1 96
54244 1 96
54762 1 82
55341 1 96
55849 1 82
55880 1 82
56249 1 72
56607 1 78
56725 1 78
57135 1 88
57371 1 72
57465 1 78
57597 1 78
57935 1 82
57947 1 72
58012 1 78
58873 1 82
59105 1 96
59159 1 72
59178 1 72
59271 1 82
59295 1 82
59309 1 78
59336 1 78
60364 1 82
61031 1 88
61054 1 88
61153 1 72
61245 1 78
61914 1 72
62096 1 88
62720 1 78
62728 1 78
63062 1 78
63203 1 72
63228 1 82
63280 1 96
63341 1 82
63743 1 88
63758 1 82
63800 1 96
63809 1 78
63879 1 78
63983 1 96
64034 1 96
64227 1 72
64334 1 78
64468 1 88
64469 1 78
64487 1 78
64606 1 82
64765 1 82
64780 1 82
65176 1 78
65384 1 82
65435 1 72
65640 1 88
65661 1 88
65933 1 72
66461 1 82
66636 1 78
66732 1 82
67015 1 78
67281 1 82
67466 1 88
67686 1 78
67808 1 96
67831 1 72
67840 1 82
67850 1 82
68023 1 82
68184 1 82
68288 1 82
68525 1 72
69028 1 96
69222 1 72
69236 1 96
69286 1 96
69566 1 72
69589 1 78
69630 1 88
69687 1 82
69709 1 78
70006 1 96
70130 1 72
70331 1 72
70561 1 72
70808 1 78
70934 1 96
70983 1 96
71182 1 96
71541 1 82
71974 1 88
71983 1 82
72141 1 96
73002 1 78
73179 1 88
73432 1 82
73437 1 72
73533 1 88
73577 1 72
73618 1 82
73775 1 72
74042 1 88
74502 1 96
74616 1 96
74729 1 72
74910 1 82
75243 1 96
75549 1 88
75841 1 88
76113 1 82
76423 1 96
76651 1 78
76861 1 72
76871 1 88
76975 1 72
76989 1 72
77034 1 88
77184 1 78
77257 1 88
77316 1 88
77711 1 88
77767 1 88
77898 1 82
78094 1 78
78259 1 82
78539 1 96
78550 1 88
78770 1 72
78778 1 72
78935 1 96
78955 1 72
78986 1 78
79311 1 96
79370 1 96
79448 1 96
79662 1 78
79802 1 82
79918 1 82
79991 1 72
80446 1 96
80516 1 78
80711 1 82
80742 1 82
80880 1 78
81153 1 78
81781 1 82
81798 1 96
82130 1 82
83169 1 82
83426 1 82
83546 1 88
83643 1 96
83699 1 78
83934 1 82
84191 1 72
84405 1 88
84737 1 82
85166 1 82
85501 1 82
85645 1 88
85698 1 72
85793 1 82
85836 1 78
86039 1 96
86989 1 82
87028 1 78
87180 1 96
87420 1 78
87426 1 72
87500 1 72
88085 1 78
88641 1 82
88692 1 96
88798 1 72
89049 1 96
89183 1 82
89191 1 78
89344 1 72
89508 1 96
89601 1 78
89647 1 78
89652 1 88
89795 1 96
89990 1 88
90340 1 78
90462 1 82
91261 1 82
91772 1 82
91802 1 78
91805 1 82
92044 1 72
92270 1 78
92414 1 88
92482 1 96
92487 1 72
92568 1 78
92723 1 78
92789 1 82
92859 1 96
93290 1 82
93505 1 96
93619 1 96
93809 1 72
93851 1 72
93915 1 78
93992 1 88
94088 1 96
94533 1 82
94537 1 72
94610 1 88
94745 1 96
94994 1 88
95030 1 72
95049 1 96
95416 1 96
95561 1 96
95619 1 82
95663 1 96
95883 1 82
95911 1 72
96093 1 88
96177 1 78
96717 1 82
96858 1 78
96958 1 72
97014 1 88
97073 1 96
97321 1 96
97556 1 72
97586 1 96
98019 1 82
98126 1 72
98220 1 78
99567 1 88
99584 1 82
