500
19 1 96
23 1 58
81 1 96
160 1 82
222 1 84
270 1 82
365 1 96
427 1 93
430 1 91
463 1 78
480 1 78
530 1 96
569 1 60
597 1 81
641 1 81
712 1 82
769 1 73
792 1 90
803 1 78
824 1 78
853 1 85
917 1 70
935 1 96
998 1 66
1033 1 90
1097 1 72
1116 1 82
1118 1 81
1204 1 96
1266 1 72
1312 1 60
1320 1 58
1382 1 92
1432 1 99
1488 1 99
1525 1 70
1559 1 72
1634 1 78
1673 1 73
1715 1 70
1762 1 72
1841 1 95
1852 1 72
1920 1 93
1961 1 66
1978 1 81
2028 1 92
2083 1 66
2115 1 66
2175 1 72
2177 1 88
2203 1 60
2223 1 88
2271 1 73
2318 1 70
2385 1 72
2423 1 81
2510 1 96
2515 1 88
2572 1 58
2586 1 60
2622 1 92
2682 1 66
2687 1 96
2745 1 58
2812 1 96
2847 1 73
2879 1 72
2919 1 78
3010 1 96
3097 1 86
3107 1 82
3110 1 70
3153 1 81
3230 1 81
3254 1 93
3255 1 88
3256 1 88
3297 1 73
3384 1 92
3451 1 94
3460 1 85
3500 1 96
3526 1 92
3564 1 88
3570 1 82
3615 1 96
3637 1 96
3654 1 82
3694 1 99
3701 1 95
3758 1 94
3803 1 66
3853 1 97
3855 1 95
3888 1 72
3925 1 60
3928 1 78
3983 1 93
3988 1 96
3990 1 90
4053 1 72
4079 1 72
4129 1 58
4183 1 72
4184 1 82
4233 1 82
4276 1 72
4339 1 85
4353 1 66
4409 1 80
4430 1 70
4464 1 70
4536 1 93
4591 1 66
4649 1 66
4717 1 99
4723 1 81
4773 1 70
4787 1 86
4810 1 84
4866 1 73
4937 1 70
4972 1 78
5013 1 78
5019 1 81
5042 1 82
5079 1 82
5082 1 66
5116 1 60
5163 1 85
5238 1 85
5291 1 88
5334 1 82
5385 1 82
5439 1 81
5464 1 85
5486 1 86
5558 1 78
5643 1 96
5692 1 70
5700 1 93
5702 1 88
5751 1 93
5833 1 82
5855 1 72
5893 1 72
5947 1 99
5991 1 88
6060 1 86
6104 1 95
6143 1 93
6177 1 82
6234 1 78
6272 1 92
6277 1 82
6291 1 99
6349 1 80
6371 1 78
6410 1 78
6421 1 84
6469 1 66
6500 1 85
6563 1 99
6593 1 85
6637 1 91
6674 1 58
6677 1 58
6726 1 82
6734 1 72
6748 1 88
6809 1 88
6818 1 96
6866 1 70
6955 1 93
7005 1 82
7012 1 91
7035 1 78
7064 1 58
7079 1 91
7135 1 82
7152 1 66
7208 1 82
7224 1 96
7225 1 60
7231 1 66
7241 1 70
7323 1 88
7402 1 78
7464 1 78
7533 1 82
7554 1 88
7589 1 96
7593 1 78
7681 1 92
7700 1 72
7751 1 73
7781 1 60
7836 1 70
7897 1 73
7908 1 78
7976 1 78
8017 1 72
8029 1 70
8050 1 70
8053 1 93
8074 1 81
8103 1 73
8138 1 91
8162 1 91
8230 1 78
8273 1 58
8282 1 72
8287 1 88
8332 1 70
8335 1 94
8366 1 81
8425 1 72
8461 1 66
8501 1 66
8568 1 92
8607 1 97
8612 1 90
8635 1 95
8662 1 60
8750 1 99
8806 1 66
8872 1 82
8893 1 66
8958 1 96
9005 1 66
9073 1 82
9101 1 66
9153 1 66
9204 1 70
9295 1 93
9314 1 60
9319 1 60
9332 1 96
9400 1 91
9412 1 80
9467 1 58
9515 1 60
9557 1 96
9628 1 73
9666 1 88
9667 1 82
9689 1 90
9738 1 97
9783 1 60
9837 1 70
9852 1 86
9884 1 70
9925 1 96
9985 1 73
10007 1 96
10013 1 66
10031 1 82
10123 1 96
10133 1 88
10181 1 88
10186 1 96
10221 1 78
10229 1 85
10283 1 84
10331 1 60
10401 1 93
10419 1 60
10430 1 88
10459 1 96
10490 1 70
10523 1 58
10525 1 95
10535 1 72
10620 1 85
10624 1 60
10662 1 86
10720 1 60
10783 1 78
10789 1 91
10845 1 60
10905 1 81
10931 1 96
11005 1 88
11079 1 88
11128 1 85
11188 1 78
11222 1 70
11271 1 82
11326 1 60
11388 1 93
11471 1 96
11483 1 96
11498 1 72
11544 1 66
11616 1 78
11638 1 66
11663 1 58
11708 1 58
11743 1 88
11770 1 82
11846 1 85
11877 1 60
11893 1 78
11953 1 78
11997 1 66
12079 1 93
12127 1 72
12179 1 66
12230 1 91
12285 1 78
12372 1 86
12412 1 60
12476 1 72
12505 1 99
12514 1 70
12561 1 88
12568 1 58
12582 1 96
12588 1 88
12636 1 72
12713 1 86
12757 1 60
12799 1 82
12880 1 96
12946 1 66
13020 1 96
13035 1 94
13077 1 66
13089 1 96
13107 1 88
13186 1 85
13206 1 58
13251 1 78
13266 1 82
13336 1 82
13377 1 78
13428 1 96
13512 1 85
13540 1 82
13604 1 78
13663 1 72
13698 1 88
13700 1 84
13763 1 66
13810 1 88
13852 1 72
13897 1 70
13921 1 93
14000 1 81
14007 1 85
14040 1 94
14112 1 73
14161 1 78
14176 1 85
14191 1 85
14257 1 66
14264 1 70
14332 1 93
14358 1 99
14377 1 93
14442 1 70
14536 1 94
14545 1 81
14547 1 72
14556 1 60
14609 1 93
14658 1 92
14659 1 88
14736 1 82
14744 1 70
14821 1 82
14881 1 78
14941 1 70
14954 1 70
15012 1 82
15047 1 70
15115 1 70
15196 1 94
15269 1 86
15337 1 70
15410 1 88
15448 1 60
15495 1 96
15576 1 88
15590 1 60
15661 1 78
15691 1 72
15720 1 66
15721 1 70
15724 1 95
15734 1 70
15785 1 92
15872 1 86
15898 1 73
15979 1 84
15991 1 60
16021 1 93
16085 1 88
16106 1 60
16117 1 93
16141 1 88
16210 1 72
16223 1 73
16292 1 88
16294 1 96
16367 1 88
16408 1 82
16474 1 88
16560 1 96
16631 1 88
16707 1 85
16754 1 60
16800 1 58
16854 1 80
16931 1 86
17014 1 93
17072 1 85
17143 1 86
17149 1 82
17200 1 72
17230 1 88
17314 1 88
17315 1 96
17340 1 82
17357 1 88
17396 1 92
17477 1 90
17545 1 73
17582 1 81
17659 1 78
17666 1 73
17705 1 58
17778 1 96
17858 1 82
17903 1 85
17908 1 94
17971 1 88
17979 1 72
17996 1 78
18000 1 60
18072 1 72
18126 1 88
18138 1 58
18220 1 86
18268 1 85
18289 1 70
18345 1 66
18390 1 72
18419 1 78
18444 1 92
18527 1 96
18600 1 99
18678 1 96
18717 1 84
18728 1 60
18734 1 88
18791 1 58
18797 1 73
18876 1 99
18886 1 88
18895 1 58
18923 1 84
18978 1 66
19065 1 96
19071 1 78
19132 1 81
19136 1 92
19169 1 58
19212 1 92
19244 1 78
19246 1 73
19320 1 82
19321 1 78
19379 1 66
19408 1 72
19445 1 93
19487 1 82
19576 1 96
19617 1 92
19652 1 88
19688 1 81
19761 1 82
19803 1 58
19884 1 94
19972 1 88
19975 1 96
20007 1 86
20042 1 91
20053 1 96
20076 1 72
20089 1 96
20132 1 93
20228 1 95
20269 1 81
20343 1 91
20420 1 96
20480 1 96
20516 1 81
20567 1 70
