0.012345679012
0.011899449650
0.011355767899
0.015809821368
0.010658306540
0.010906174134
0.009758155804
0.010800784750
0.015107764347
0.009159547856
0.010024983507
0.011040171711
0.008956982873
0.012002484656
0.008830828184
0.012408105936
0.015451603618
0.008547695619
0.008195213325
0.013334584393
0.008805380207
0.010922864494
0.008203378976
0.012635157138
0.010620856725
0.007756085364
0.012318313309
0.009001844341
0.010502151731
0.008865452760
0.008216761095
0.006932892174
0.007570399500
0.007570399500
0.008814848733
0.006747956002
0.007633078633
0.006529348149
0.007458113784
0.008916185474
0.007348435640
0.006941599895
0.010053351572
0.007958903328
0.006011512088
0.006011512088
0.007277093581
0.009575123132
0.009575123132
0.006501626818
0.007325776697
0.006120847290
0.006755780286
0.007461608077
0.005862692061
0.006951477729
0.005014944743
0.006878797371
0.005084328491
0.007118059888
0.005006108053
0.007904381136
0.008512410454
0.004666562665
0.008420909226
0.006379476686
0.006098029185
0.008171359108
0.007149939220
0.003910060912
0.004690802364
0.005125529503
0.004216891826
0.004691292156
0.006738401461
0.004526012980
0.004548704631
0.004794580558
0.006481562606
0.004639357743
0.004059438025
0.004586630443
0.003636120572
0.003961228865
0.003961228865
0.004426094633
0.004028881012
0.003485661100
0.004040595075
0.004517874355
0.003872463733
0.004247130419
0.005919594148
0.003186730944
0.004389902940
0.004008310016
0.003006016469
0.003507271264
0.004222893452
0.004222893452
0.003628119726
0.005291007934
0.003272070696
0.004630288721
0.002936280652
0.003603617164
0.003123134876
0.002533559886
0.003088897580
0.002562380947
0.002752186943
0.002419505005
0.003959190008
0.002332280105
0.003466622628
0.002111592087
0.003167473317
0.003118742958
0.002294247693
0.003288421694
0.002425210999
0.002425210999
0.002955725905
0.002360078518
0.002137798297
0.181712855228
