125
49 1 80
131 1 82
138 1 86
147 1 60
219 1 88
265 1 85
360 1 94
443 1 86
484 1 60
553 1 95
592 1 88
636 1 78
721 1 93
756 1 70
849 1 93
882 1 66
909 1 52
941 1 94
1019 1 96
1056 1 60
1125 1 84
1140 1 70
1184 1 95
1198 1 58
1205 1 70
1295 1 93
1342 1 60
1404 1 78
1416 1 66
1468 1 78
1494 1 82
1505 1 96
1540 1 88
1585 1 88
1639 1 72
1715 1 92
1722 1 84
1779 1 96
1812 1 85
1858 1 70
1874 1 85
1963 1 88
1988 1 58
2051 1 72
2130 1 96
2226 1 96
2250 1 78
2307 1 58
2349 1 58
2410 1 82
2451 1 72
2477 1 81
2524 1 78
2570 1 70
2601 1 88
2608 1 72
2706 1 99
2760 1 72
2780 1 96
2836 1 66
2922 1 96
2948 1 60
2988 1 52
3059 1 92
3081 1 52
3142 1 70
3204 1 72
3225 1 52
3227 1 60
3310 1 99
3329 1 88
3331 1 73
3402 1 96
3418 1 82
3449 1 58
3492 1 86
3562 1 82
3577 1 78
3625 1 58
3631 1 73
3659 1 81
3727 1 78
3766 1 92
3773 1 81
3775 1 81
3820 1 78
3827 1 82
3862 1 96
3870 1 85
3873 1 72
3935 1 82
3968 1 73
3987 1 52
3990 1 93
4047 1 66
4114 1 73
4169 1 93
4226 1 85
4253 1 66
4263 1 66
4336 1 78
4367 1 52
4389 1 82
4400 1 58
4421 1 88
4464 1 72
4528 1 82
4590 1 91
4637 1 82
4690 1 96
4712 1 88
4742 1 90
4765 1 60
4767 1 91
4791 1 66
4803 1 99
4831 1 70
4844 1 72
4935 1 96
4960 1 66
5049 1 88
5103 1 88
5109 1 70
5184 1 81
5249 1 96
